9.605693e-02 1.751150e-01 -1.402013e-01
9.794519e-02 1.709960e-01 -1.347508e-01
9.399340e-02 1.687620e-01 -1.451602e-01
9.687009e-02 1.651370e-01 -1.369816e-01
9.418321e-02 1.795690e-01 -1.441012e-01
9.852323e-02 1.782080e-01 -1.320442e-01
9.978051e-02 1.725920e-01 -1.280368e-01
9.569312e-02 1.840280e-01 -1.389394e-01
9.938430e-02 1.663710e-01 -1.287330e-01
9.131218e-02 1.756210e-01 -1.507936e-01
9.158799e-02 1.839430e-01 -1.483119e-01
9.280687e-02 1.595720e-01 -1.445027e-01
9.768746e-02 1.867210e-01 -1.309760e-01
8.994662e-02 1.653670e-01 -1.521789e-01
1.001065e-01 1.787990e-01 -1.242370e-01
1.005876e-01 1.633420e-01 -1.226526e-01
9.372938e-02 1.887680e-01 -1.414553e-01
9.513360e-02 1.559600e-01 -1.372419e-01
8.712403e-02 1.726090e-01 -1.579751e-01
9.879754e-02 1.553050e-01 -1.255471e-01
9.599614e-02 1.917930e-01 -1.325735e-01
1.016057e-01 1.749700e-01 -1.168865e-01
8.639828e-02 1.808750e-01 -1.584553e-01
8.660028e-02 1.658350e-01 -1.578231e-01
8.778478e-02 1.866280e-01 -1.542134e-01
9.002938e-02 1.916700e-01 -1.476664e-01
1.022149e-01 1.690090e-01 -1.138040e-01
8.903700e-02 1.568490e-01 -1.499975e-01
9.166811e-02 1.941370e-01 -1.425307e-01
8.435122e-02 1.772840e-01 -1.619632e-01
9.603868e-02 1.495863e-01 -1.294320e-01
1.005808e-01 1.551130e-01 -1.169001e-01
9.120720e-02 1.514460e-01 -1.424314e-01
1.016536e-01 1.804070e-01 -1.133871e-01
1.003069e-01 1.867550e-01 -1.166670e-01
9.373854e-02 1.972770e-01 -1.339504e-01
8.464428e-02 1.597640e-01 -1.585567e-01
1.026675e-01 1.618230e-01 -1.087480e-01
8.387382e-02 1.878060e-01 -1.600556e-01
9.800415e-02 1.479866e-01 -1.204697e-01
8.177950e-02 1.654950e-01 -1.648242e-01
8.107668e-02 1.725790e-01 -1.665574e-01
8.125599e-02 1.813220e-01 -1.656971e-01
1.013121e-01 1.534790e-01 -1.104604e-01
9.067039e-02 2.002390e-01 -1.396088e-01
8.500369e-02 1.941630e-01 -1.551100e-01
1.029051e-01 1.761700e-01 -1.058891e-01
9.907303e-02 1.932100e-01 -1.161551e-01
8.753294e-02 1.498842e-01 -1.473206e-01
9.273759e-02 1.449232e-01 -1.327583e-01
1.033699e-01 1.707190e-01 -1.028110e-01
1.019440e-01 1.854710e-01 -1.066483e-01
6.584995e-02 1.639670e-01 -2.054359e-01
6.414107e-02 1.621930e-01 -2.099858e-01
9.947184e-02 1.474888e-01 -1.125600e-01
9.479701e-02 1.435659e-01 -1.253793e-01
6.485187e-02 1.577550e-01 -2.074551e-01
8.374645e-02 1.523820e-01 -1.551071e-01
8.631501e-02 2.013530e-01 -1.477627e-01
6.771975e-02 1.586320e-01 -1.987199e-01
6.791191e-02 1.679620e-01 -1.975895e-01
7.906241e-02 1.589000e-01 -1.668981e-01
6.240354e-02 1.670990e-01 -2.125784e-01
6.173375e-02 1.603340e-01 -2.143908e-01
7.726030e-02 1.648560e-01 -1.715868e-01
6.534363e-02 1.711110e-01 -2.043276e-01
8.326118e-02 1.992050e-01 -1.548647e-01
7.631375e-02 1.742250e-01 -1.737673e-01
8.784313e-02 1.448551e-01 -1.417754e-01
1.030370e-01 1.807900e-01 -9.974336e-02
8.029155e-02 1.542240e-01 -1.620629e-01
7.631523e-02 1.808920e-01 -1.729630e-01
9.736338e-02 2.003920e-01 -1.150533e-01
9.510498e-02 2.028000e-01 -1.212181e-01
7.062770e-02 1.630310e-01 -1.882866e-01
1.022693e-01 1.552410e-01 -1.013242e-01
6.391609e-02 1.520120e-01 -2.066215e-01
7.479445e-02 1.696470e-01 -1.766284e-01
1.003759e-01 1.946820e-01 -1.062514e-01
6.004233e-02 1.649120e-01 -2.169866e-01
6.965500e-02 1.701240e-01 -1.904709e-01
7.221502e-02 1.696350e-01 -1.829801e-01
7.348900e-02 1.641080e-01 -1.793470e-01
7.022407e-02 1.574700e-01 -1.882648e-01
9.190432e-02 2.055650e-01 -1.286339e-01
6.096404e-02 1.533520e-01 -2.134037e-01
1.036493e-01 1.720770e-01 -9.612691e-02
7.235641e-02 1.756340e-01 -1.817605e-01
8.703344e-02 2.063400e-01 -1.412781e-01
6.182983e-02 1.758380e-01 -2.101970e-01
6.636136e-02 1.503010e-01 -1.977344e-01
7.216959e-02 1.586450e-01 -1.817641e-01
5.999622e-02 1.730000e-01 -2.149969e-01
1.033873e-01 1.631330e-01 -9.553376e-02
6.876619e-02 1.768680e-01 -1.905093e-01
9.662184e-02 1.407833e-01 -1.138962e-01
7.530288e-02 1.893890e-01 -1.724325e-01
9.873282e-02 2.003880e-01 -1.079913e-01
1.003546e-01 1.468123e-01 -1.035106e-01
7.224550e-02 1.825090e-01 -1.802795e-01
8.979283e-02 1.401196e-01 -1.317782e-01
7.404554e-02 1.556880e-01 -1.749787e-01
9.799422e-02 1.415194e-01 -1.087322e-01
5.771067e-02 1.703110e-01 -2.191879e-01
1.020737e-01 1.907080e-01 -9.718404e-02
5.701986e-02 1.628440e-01 -2.209160e-01
7.058310e-02 1.529560e-01 -1.835184e-01
8.078968e-02 2.043570e-01 -1.549231e-01
6.708486e-02 1.827010e-01 -1.924068e-01
6.046624e-02 1.467059e-01 -2.098437e-01
7.151533e-02 1.890230e-01 -1.794588e-01
8.200410e-02 2.070040e-01 -1.505639e-01
7.555061e-02 1.508410e-01 -1.681742e-01
1.035058e-01 1.712130e-01 -9.110542e-02
1.031205e-01 1.811560e-01 -9.215157e-02
7.532190e-02 1.967750e-01 -1.685276e-01
8.104823e-02 1.456507e-01 -1.525568e-01
1.020974e-01 1.534500e-01 -9.464748e-02
7.844808e-02 1.478717e-01 -1.595307e-01
5.977244e-02 1.827560e-01 -2.104739e-01
8.330585e-02 2.092630e-01 -1.458164e-01
6.304567e-02 1.851390e-01 -2.013480e-01
9.342468e-02 2.092030e-01 -1.177525e-01
5.808459e-02 1.477908e-01 -2.147436e-01
9.313631e-02 1.367712e-01 -1.183193e-01
5.557480e-02 1.562070e-01 -2.214013e-01
9.092067e-02 1.368350e-01 -1.240669e-01
6.725625e-02 1.886790e-01 -1.887692e-01
5.700000e-02 1.800290e-01 -2.165124e-01
6.442679e-02 1.438382e-01 -1.958850e-01
1.011980e-01 1.960050e-01 -9.450172e-02
6.146771e-02 1.423491e-01 -2.033168e-01
7.064141e-02 1.951710e-01 -1.778651e-01
7.560285e-02 2.028170e-01 -1.641008e-01
9.947676e-02 2.025450e-01 -9.795478e-02
5.321294e-02 1.609630e-01 -2.245507e-01
9.624245e-02 2.093310e-01 -1.059481e-01
1.031296e-01 1.669630e-01 -8.694852e-02
6.744855e-02 1.450338e-01 -1.847034e-01
8.211505e-02 1.403962e-01 -1.441727e-01
5.462248e-02 1.488460e-01 -2.196554e-01
6.485415e-02 1.942350e-01 -1.905957e-01
5.964367e-02 1.908740e-01 -2.048464e-01
6.995841e-02 1.459486e-01 -1.764266e-01
9.371434e-02 2.125600e-01 -1.108426e-01
9.765393e-02 2.078030e-01 -1.000063e-01
8.732723e-02 2.155510e-01 -1.277608e-01
5.150342e-02 1.666950e-01 -2.260561e-01
1.001614e-01 1.443956e-01 -9.223648e-02
8.346748e-02 1.375540e-01 -1.379050e-01
8.682796e-02 2.601530e-01 -1.286196e-01
5.210560e-02 1.759570e-01 -2.238888e-01
1.024542e-01 1.600150e-01 -8.551711e-02
8.744527e-02 2.563280e-01 -1.267537e-01
5.781726e-02 1.397367e-01 -2.078810e-01
8.381717e-02 2.607530e-01 -1.363387e-01
1.017270e-01 1.930690e-01 -8.710720e-02
9.495064e-02 1.347757e-01 -1.054748e-01
8.941399e-02 2.160450e-01 -1.206743e-01
5.587221e-02 1.893170e-01 -2.127770e-01
1.026659e-01 1.788330e-01 -8.415986e-02
5.489355e-02 1.423576e-01 -2.154010e-01
8.457363e-02 2.537710e-01 -1.334324e-01
8.303950e-02 2.164450e-01 -1.376103e-01
8.426478e-02 2.669610e-01 -1.340461e-01
8.586132e-02 1.344906e-01 -1.295793e-01
1.000751e-01 2.024810e-01 -9.006694e-02
8.676479e-02 2.676120e-01 -1.266244e-01
8.402024e-02 2.718840e-01 -1.340074e-01
8.698467e-02 2.487680e-01 -1.257330e-01
8.855201e-02 2.624210e-01 -1.213866e-01
7.266147e-02 1.434766e-01 -1.649651e-01
6.516346e-02 2.000940e-01 -1.855132e-01
8.882332e-02 2.535880e-01 -1.205083e-01
6.871955e-02 2.033230e-01 -1.756657e-01
5.184735e-02 1.817260e-01 -2.220062e-01
9.819691e-02 1.391112e-01 -9.457228e-02
8.098196e-02 2.576180e-01 -1.418700e-01
7.471907e-02 1.419491e-01 -1.583542e-01
8.034287e-02 2.659700e-01 -1.427979e-01
5.018031e-02 1.535990e-01 -2.255360e-01
8.827671e-02 2.679990e-01 -1.202089e-01
8.727627e-02 2.776320e-01 -1.229329e-01
1.019347e-01 1.869810e-01 -8.248912e-02
7.275820e-02 2.104290e-01 -1.626109e-01
8.383735e-02 2.453510e-01 -1.319981e-01
7.662916e-02 1.398601e-01 -1.515399e-01
7.749740e-02 2.592000e-01 -1.488516e-01
4.867577e-02 1.592910e-01 -2.277233e-01
5.835162e-02 1.991710e-01 -2.011267e-01
8.049599e-02 2.495210e-01 -1.401033e-01
8.852316e-02 2.740920e-01 -1.179284e-01
7.860201e-02 2.178230e-01 -1.451741e-01
8.310257e-02 2.789680e-01 -1.326236e-01
7.993536e-02 2.742150e-01 -1.411030e-01
6.169217e-02 1.376221e-01 -1.911732e-01
8.800983e-02 2.459770e-01 -1.187733e-01
5.814091e-02 1.361500e-01 -2.006954e-01
5.117488e-02 1.879810e-01 -2.198066e-01
1.022697e-01 1.699450e-01 -7.938466e-02
9.858994e-02 2.081650e-01 -8.944210e-02
8.587889e-02 2.393950e-01 -1.239205e-01
8.923503e-02 2.592050e-01 -1.146471e-01
8.805970e-02 1.304019e-01 -1.176260e-01
8.888776e-02 2.515550e-01 -1.151532e-01
8.263522e-02 2.374840e-01 -1.322794e-01
8.327343e-02 2.231760e-01 -1.304611e-01
6.922652e-02 2.102460e-01 -1.690145e-01
9.671210e-02 2.126620e-01 -9.338108e-02
8.551793e-02 2.815420e-01 -1.240040e-01
8.582681e-02 2.237710e-01 -1.231430e-01
9.029163e-02 1.302402e-01 -1.107555e-01
7.546731e-02 2.641230e-01 -1.514077e-01
7.648777e-02 2.516950e-01 -1.485917e-01
8.976036e-02 2.208310e-01 -1.119000e-01
8.008262e-02 2.420370e-01 -1.382669e-01
8.905719e-02 2.679740e-01 -1.133994e-01
8.314650e-02 2.305190e-01 -1.294690e-01
7.659575e-02 2.718110e-01 -1.473743e-01
6.424591e-02 1.389155e-01 -1.812929e-01
7.936111e-02 2.226610e-01 -1.395263e-01
8.508731e-02 2.315920e-01 -1.237937e-01
5.244849e-02 1.369711e-01 -2.131932e-01
6.364042e-02 2.076420e-01 -1.824436e-01
1.015619e-01 1.591640e-01 -7.796469e-02
4.656938e-02 1.741740e-01 -2.287929e-01
4.900996e-02 1.423278e-01 -2.216920e-01
8.750094e-02 2.248310e-01 -1.159018e-01
1.006513e-01 1.499182e-01 -7.954598e-02
8.849823e-02 2.801460e-01 -1.129115e-01
7.945196e-02 2.318770e-01 -1.376331e-01
5.060919e-02 1.954950e-01 -2.166555e-01
4.770246e-02 1.458337e-01 -2.245089e-01
9.196215e-02 2.202100e-01 -1.027488e-01
8.415585e-02 1.300657e-01 -1.241315e-01
6.565071e-02 2.114330e-01 -1.748813e-01
7.683952e-02 1.355926e-01 -1.440229e-01
9.932848e-02 2.063360e-01 -8.222264e-02
6.523881e-02 1.390772e-01 -1.758554e-01
8.610122e-02 2.835200e-01 -1.185117e-01
8.645722e-02 2.320640e-01 -1.174286e-01
8.084316e-02 2.827540e-01 -1.328129e-01
7.211036e-02 2.517890e-01 -1.566887e-01
6.017104e-02 2.087610e-01 -1.893310e-01
7.177965e-02 2.178110e-01 -1.572544e-01
5.326495e-02 2.042040e-01 -2.077400e-01
8.714122e-02 2.398500e-01 -1.144031e-01
7.530829e-02 2.774740e-01 -1.463360e-01
7.008715e-02 2.556350e-01 -1.606409e-01
5.514128e-02 2.081010e-01 -2.016919e-01
7.055011e-02 2.619570e-01 -1.592391e-01
1.000589e-01 2.003790e-01 -7.815198e-02
6.645274e-02 1.389283e-01 -1.704440e-01
7.236055e-02 2.696750e-01 -1.541847e-01
5.264948e-02 1.340099e-01 -2.082353e-01
8.786487e-02 2.470230e-01 -1.114046e-01
8.915890e-02 2.740920e-01 -1.078369e-01
4.586372e-02 1.841180e-01 -2.265238e-01
7.654888e-02 2.806820e-01 -1.421521e-01
7.442712e-02 2.420500e-01 -1.478240e-01
8.205646e-02 2.850650e-01 -1.267853e-01
9.355471e-02 1.314060e-01 -9.502116e-02
8.841898e-02 2.547920e-01 -1.088967e-01
7.532706e-02 2.369140e-01 -1.448139e-01
8.877894e-02 2.263670e-01 -1.074597e-01
5.035550e-02 2.032470e-01 -2.129623e-01
7.159467e-02 2.447470e-01 -1.544352e-01
6.123799e-02 2.141470e-01 -1.824852e-01
9.889129e-02 1.427277e-01 -7.899347e-02
5.677125e-02 2.138710e-01 -1.943867e-01
7.440352e-02 2.303830e-01 -1.457478e-01
9.465675e-02 1.326824e-01 -9.003457e-02
4.760011e-02 1.975880e-01 -2.192042e-01
4.712564e-02 1.377072e-01 -2.201124e-01
8.859648e-02 2.630000e-01 -1.061475e-01
6.861214e-02 1.376093e-01 -1.609366e-01
4.286116e-02 1.660390e-01 -2.316065e-01
8.622100e-02 1.268194e-01 -1.124114e-01
8.967018e-02 1.275810e-01 -1.029225e-01
9.721130e-02 2.133560e-01 -8.208298e-02
5.302513e-02 2.136660e-01 -2.033784e-01
6.745574e-02 2.471940e-01 -1.633105e-01
7.134771e-02 2.251840e-01 -1.521972e-01
1.008536e-01 1.776460e-01 -7.111806e-02
9.699490e-02 1.374945e-01 -8.166728e-02
8.267192e-02 2.869920e-01 -1.207691e-01
6.914073e-02 2.227420e-01 -1.576152e-01
5.521699e-02 2.199460e-01 -1.958332e-01
5.054294e-02 2.115770e-01 -2.086349e-01
5.838204e-02 2.190190e-01 -1.870972e-01
8.718534e-02 2.344590e-01 -1.079082e-01
6.773167e-02 2.673740e-01 -1.612919e-01
7.632308e-02 1.315379e-01 -1.375296e-01
5.260846e-02 1.314783e-01 -2.026696e-01
8.812879e-02 2.807800e-01 -1.050659e-01
6.237259e-02 2.190950e-01 -1.758057e-01
6.675827e-02 2.210530e-01 -1.637284e-01
1.000445e-01 1.519860e-01 -7.223507e-02
5.545867e-02 1.316357e-01 -1.945760e-01
7.057591e-02 2.359740e-01 -1.525042e-01
4.166847e-02 1.576450e-01 -2.317692e-01
5.360028e-02 2.217840e-01 -1.988539e-01
4.141662e-02 1.718090e-01 -2.319483e-01
8.627169e-02 2.851920e-01 -1.084319e-01
6.683581e-02 2.393860e-01 -1.613990e-01
6.438591e-02 2.617360e-01 -1.679972e-01
6.294344e-02 2.483760e-01 -1.719233e-01
9.462787e-02 2.196780e-01 -8.481853e-02
7.109029e-02 1.341460e-01 -1.494072e-01
6.389558e-02 2.417390e-01 -1.688995e-01
5.113060e-02 2.203080e-01 -2.039308e-01
6.823889e-02 2.745510e-01 -1.568212e-01
5.620785e-02 2.302340e-01 -1.898638e-01
1.006076e-01 1.696170e-01 -6.782396e-02
9.096278e-02 2.252730e-01 -9.424257e-02
5.882418e-02 2.302000e-01 -1.821626e-01
6.779697e-02 2.279960e-01 -1.574298e-01
9.982757e-02 1.879130e-01 -6.925651e-02
8.662616e-02 2.427690e-01 -1.052892e-01
5.752561e-02 1.323250e-01 -1.850724e-01
6.006135e-02 2.395050e-01 -1.780005e-01
6.160594e-02 2.274900e-01 -1.736239e-01
6.122236e-02 2.547410e-01 -1.745356e-01
8.177219e-02 1.252920e-01 -1.179302e-01
6.412696e-02 2.262390e-01 -1.663576e-01
4.041351e-02 1.786120e-01 -2.314572e-01
6.600225e-02 2.331400e-01 -1.610601e-01
7.434675e-02 2.866390e-01 -1.379236e-01
6.291945e-02 2.327660e-01 -1.693075e-01
6.443014e-02 1.357288e-01 -1.650766e-01
5.801897e-02 2.443980e-01 -1.825212e-01
5.404558e-02 2.349400e-01 -1.933330e-01
7.733894e-02 2.885830e-01 -1.293350e-01
9.760122e-02 2.102200e-01 -7.342696e-02
4.620329e-02 1.324484e-01 -2.144068e-01
7.075554e-02 2.829120e-01 -1.469099e-01
8.672134e-02 2.374840e-01 -1.027816e-01
8.669661e-02 2.506020e-01 -1.028496e-01
4.044836e-02 1.460719e-01 -2.293379e-01
8.797797e-02 2.701860e-01 -9.871115e-02
8.222481e-02 2.889700e-01 -1.143850e-01
4.459113e-02 2.088160e-01 -2.174428e-01
8.781926e-02 2.324640e-01 -9.863436e-02
9.548665e-02 2.177130e-01 -7.721309e-02
3.859485e-02 1.590450e-01 -2.334695e-01
9.166342e-02 2.253290e-01 -8.757212e-02
4.170401e-02 1.392899e-01 -2.248221e-01
4.092950e-02 1.949030e-01 -2.266071e-01
8.760310e-02 2.765250e-01 -9.829521e-02
9.052726e-02 1.273385e-01 -9.012830e-02
6.081231e-02 2.640760e-01 -1.714821e-01
6.363568e-02 2.719980e-01 -1.636045e-01
5.911441e-02 1.332823e-01 -1.757794e-01
4.591992e-02 2.178060e-01 -2.120032e-01
4.230862e-02 2.040680e-01 -2.217923e-01
7.792608e-02 2.903580e-01 -1.235294e-01
5.396892e-02 2.461600e-01 -1.890082e-01
6.617120e-02 2.795760e-01 -1.551923e-01
9.979031e-02 1.628180e-01 -6.274736e-02
4.742052e-02 2.263030e-01 -2.066044e-01
5.631253e-02 2.544180e-01 -1.819915e-01
9.779279e-02 2.042720e-01 -6.762997e-02
5.143545e-02 2.409390e-01 -1.949710e-01
5.382787e-02 1.295594e-01 -1.883577e-01
4.921330e-02 2.341740e-01 -2.009187e-01
9.252041e-02 1.303976e-01 -8.164301e-02
9.928708e-02 1.575940e-01 -6.285400e-02
4.638833e-02 1.292871e-01 -2.081798e-01
9.818623e-02 1.488162e-01 -6.585386e-02
9.499985e-02 1.361500e-01 -7.435810e-02
6.013131e-02 1.334908e-01 -1.700938e-01
8.690984e-02 2.637360e-01 -9.632262e-02
3.825216e-02 1.917670e-01 -2.296656e-01
9.220894e-02 2.251330e-01 -8.098800e-02
9.511189e-02 2.178230e-01 -7.294423e-02
8.567758e-02 2.837580e-01 -9.878757e-02
4.142512e-02 1.336950e-01 -2.201725e-01
4.846959e-02 1.278108e-01 -2.002649e-01
8.187719e-02 2.898470e-01 -1.083362e-01
8.669631e-02 1.234837e-01 -9.479297e-02
9.810900e-02 1.943670e-01 -6.309395e-02
5.891804e-02 2.689050e-01 -1.707579e-01
6.399243e-02 1.321931e-01 -1.559757e-01
9.924382e-02 1.711960e-01 -5.895034e-02
5.274385e-02 2.546730e-01 -1.863280e-01
3.581329e-02 1.488460e-01 -2.324241e-01
7.745652e-02 2.920980e-01 -1.179423e-01
9.537991e-02 1.397069e-01 -6.842322e-02
3.472945e-02 1.706050e-01 -2.350343e-01
7.008457e-02 2.900300e-01 -1.375539e-01
8.547903e-02 2.812060e-01 -9.434970e-02
4.351644e-02 2.293240e-01 -2.095359e-01
7.272376e-02 2.920720e-01 -1.290918e-01
8.650634e-02 2.376120e-01 -9.076719e-02
4.982095e-02 1.271215e-01 -1.914791e-01
4.691695e-02 2.429560e-01 -1.994053e-01
8.249485e-02 1.209734e-01 -1.015384e-01
8.615031e-02 2.701140e-01 -9.149513e-02
9.512677e-02 2.149090e-01 -6.681704e-02
7.680492e-02 1.213861e-01 -1.168562e-01
8.906922e-02 2.318640e-01 -8.300278e-02
4.137720e-02 1.291084e-01 -2.139027e-01
6.884131e-02 1.267173e-01 -1.384055e-01
5.439592e-02 2.652210e-01 -1.779641e-01
6.387938e-02 2.846990e-01 -1.518684e-01
7.884320e-02 1.206033e-01 -1.105579e-01
5.932828e-02 1.318910e-01 -1.641500e-01
8.511037e-02 2.561540e-01 -9.310417e-02
9.614208e-02 2.064160e-01 -6.252911e-02
7.352433e-02 1.221477e-01 -1.241055e-01
8.751868e-02 1.236199e-01 -8.557907e-02
3.968756e-02 2.214140e-01 -2.168086e-01
9.669666e-02 1.991830e-01 -5.996732e-02
5.789353e-02 2.755550e-01 -1.665410e-01
6.528164e-02 2.878810e-01 -1.462022e-01
3.318530e-02 1.842660e-01 -2.342409e-01
4.902572e-02 2.543410e-01 -1.906672e-01
3.472984e-02 1.412854e-01 -2.294319e-01
8.156932e-02 2.894390e-01 -1.004666e-01
3.649459e-02 2.107390e-01 -2.242682e-01
9.802326e-02 1.640740e-01 -5.431127e-02
3.161949e-02 1.656480e-01 -2.364791e-01
5.034017e-02 2.610600e-01 -1.849395e-01
9.784946e-02 1.838790e-01 -5.417089e-02
5.142610e-02 1.279086e-01 -1.815481e-01
9.812355e-02 1.775610e-01 -5.311814e-02
8.425644e-02 2.493930e-01 -9.116210e-02
6.438869e-02 1.274704e-01 -1.455011e-01
9.629225e-02 1.508330e-01 -5.753170e-02
9.051674e-02 1.292531e-01 -7.296416e-02
5.532031e-02 1.302444e-01 -1.696532e-01
7.585125e-02 2.938120e-01 -1.129020e-01
8.440002e-02 2.785980e-01 -8.911166e-02
3.079353e-02 1.795860e-01 -2.359895e-01
8.977613e-02 2.306040e-01 -7.380333e-02
9.673667e-02 1.918100e-01 -5.431176e-02
5.304925e-02 2.721860e-01 -1.737364e-01
8.155670e-02 2.883450e-01 -9.528308e-02
8.459924e-02 2.442240e-01 -8.634294e-02
7.362718e-02 1.185270e-01 -1.163988e-01
9.384949e-02 2.140200e-01 -6.073345e-02
7.202138e-02 2.947700e-01 -1.206377e-01
3.087349e-02 1.954610e-01 -2.335084e-01
8.675941e-02 2.379610e-01 -7.967264e-02
3.406709e-02 1.342524e-01 -2.244312e-01
5.809335e-02 1.293297e-01 -1.583146e-01
8.416311e-02 2.627190e-01 -8.653095e-02
6.585330e-02 2.929230e-01 -1.367317e-01
4.369542e-02 2.516650e-01 -1.975574e-01
9.682024e-02 1.609080e-01 -5.144062e-02
4.350216e-02 1.244027e-01 -1.975230e-01
8.216847e-02 1.181015e-01 -9.085260e-02
3.477036e-02 2.218440e-01 -2.208678e-01
2.901163e-02 1.548370e-01 -2.365847e-01
4.015262e-02 1.249431e-01 -2.056476e-01
3.891461e-02 2.393180e-01 -2.090366e-01
6.094442e-02 2.891410e-01 -1.482075e-01
9.069771e-02 1.323718e-01 -6.625089e-02
7.864425e-02 1.165358e-01 -9.885464e-02
3.176327e-02 2.119390e-01 -2.275540e-01
4.028993e-02 2.459850e-01 -2.039944e-01
5.437989e-02 2.799890e-01 -1.651775e-01
3.587656e-02 1.278916e-01 -2.158698e-01
4.861678e-02 2.684160e-01 -1.807891e-01
9.267197e-02 1.406259e-01 -5.957540e-02
3.761709e-02 1.258408e-01 -2.106428e-01
8.411218e-02 1.190078e-01 -8.285843e-02
2.780532e-02 1.619040e-01 -2.375479e-01
2.756591e-02 1.752120e-01 -2.376774e-01
7.407898e-02 1.157146e-01 -1.098590e-01
5.058975e-02 1.276448e-01 -1.743025e-01
9.667627e-02 1.721240e-01 -4.743056e-02
8.627041e-02 1.223392e-01 -7.569293e-02
9.411312e-02 2.039870e-01 -5.401242e-02
9.628310e-02 1.850830e-01 -4.788053e-02
4.579645e-02 1.247431e-01 -1.865142e-01
6.745834e-02 2.956040e-01 -1.264456e-01
9.400310e-02 1.489864e-01 -5.342183e-02
6.228963e-02 1.227221e-01 -1.396085e-01
2.698900e-02 1.514710e-01 -2.362934e-01
4.475239e-02 2.642510e-01 -1.874611e-01
7.577454e-02 2.939400e-01 -1.020183e-01
8.290348e-02 2.713560e-01 -8.227418e-02
8.066830e-02 2.870730e-01 -8.841529e-02
8.960983e-02 2.286730e-01 -6.378375e-02
7.863953e-02 1.142170e-01 -9.371433e-02
2.619869e-02 1.881420e-01 -2.373587e-01
8.729300e-02 2.362080e-01 -6.947878e-02
7.483118e-02 1.132086e-01 -1.036648e-01
5.671740e-02 1.262365e-01 -1.529840e-01
3.224155e-02 1.293127e-01 -2.200208e-01
8.251518e-02 2.581070e-01 -8.166033e-02
9.465816e-02 1.571890e-01 -4.828233e-02
4.055095e-02 2.567840e-01 -1.967831e-01
6.324664e-02 1.199140e-01 -1.342171e-01
9.236217e-02 2.115990e-01 -5.422286e-02
6.806981e-02 1.147871e-01 -1.207833e-01
2.722539e-02 2.057820e-01 -2.330024e-01
5.367851e-02 2.847410e-01 -1.600326e-01
8.129554e-02 2.830480e-01 -8.378782e-02
2.662241e-02 1.439957e-01 -2.336859e-01
7.607537e-02 1.106217e-01 -9.778720e-02
6.990372e-02 1.124768e-01 -1.146263e-01
3.256838e-02 2.330810e-01 -2.171116e-01
9.555839e-02 1.771990e-01 -4.379769e-02
7.175864e-02 1.092858e-01 -1.087822e-01
7.909428e-02 1.116599e-01 -8.862775e-02
8.459792e-02 2.432280e-01 -7.346645e-02
4.075915e-02 1.226328e-01 -1.935047e-01
9.348527e-02 1.988520e-01 -4.824541e-02
9.436500e-02 1.919420e-01 -4.540819e-02
2.694238e-02 2.140790e-01 -2.301498e-01
3.023268e-02 2.287960e-01 -2.209800e-01
6.871730e-02 1.085412e-01 -1.152320e-01
8.193164e-02 2.536480e-01 -7.889813e-02
8.173311e-02 1.140808e-01 -7.937871e-02
9.437133e-02 1.631840e-01 -4.434037e-02
8.299524e-02 2.480060e-01 -7.510776e-02
2.400548e-02 1.982350e-01 -2.369182e-01
7.043377e-02 2.968630e-01 -1.087921e-01
4.548210e-02 2.747340e-01 -1.771640e-01
8.358403e-02 1.180590e-01 -7.242731e-02
6.838497e-02 2.974330e-01 -1.135808e-01
6.357008e-02 1.141234e-01 -1.267973e-01
2.605692e-02 1.368563e-01 -2.294560e-01
5.615283e-02 2.927660e-01 -1.461101e-01
7.576788e-02 2.929910e-01 -9.216569e-02
8.051637e-02 2.801680e-01 -7.903899e-02
8.521010e-02 1.230497e-01 -6.611837e-02
4.847991e-02 1.262918e-01 -1.670214e-01
3.370702e-02 2.484150e-01 -2.074891e-01
6.487569e-02 1.076137e-01 -1.217364e-01
3.156435e-02 2.422540e-01 -2.127983e-01
8.851961e-02 2.258220e-01 -5.570944e-02
9.381326e-02 1.691410e-01 -4.093046e-02
5.465236e-02 1.225690e-01 -1.484067e-01
8.527602e-02 2.395610e-01 -6.417625e-02
2.125432e-02 1.731910e-01 -2.399694e-01
2.113985e-02 1.794880e-01 -2.401912e-01
3.469859e-02 1.217648e-01 -2.021634e-01
7.869489e-02 2.870050e-01 -8.112699e-02
9.023151e-02 1.449913e-01 -4.931299e-02
4.111717e-02 2.707900e-01 -1.840960e-01
8.891516e-02 2.211460e-01 -5.263921e-02
6.176661e-02 1.108089e-01 -1.268863e-01
5.826185e-02 2.961310e-01 -1.360954e-01
8.043703e-02 2.654380e-01 -7.506453e-02
4.964359e-02 1.251048e-01 -1.595113e-01
2.036043e-02 1.670310e-01 -2.397313e-01
2.078467e-02 1.567730e-01 -2.385502e-01
3.746622e-02 2.643570e-01 -1.926532e-01
2.013685e-02 1.897850e-01 -2.402127e-01
9.185716e-02 1.567560e-01 -4.286000e-02
6.339147e-02 2.983610e-01 -1.210040e-01
3.116147e-02 1.229902e-01 -2.092802e-01
7.111608e-02 2.964330e-01 -9.917523e-02
5.888368e-02 1.138383e-01 -1.324282e-01
4.286813e-02 1.236199e-01 -1.760629e-01
4.647638e-02 2.839710e-01 -1.660844e-01
9.288738e-02 1.846660e-01 -3.851873e-02
6.010361e-02 1.075966e-01 -1.282238e-01
8.165771e-02 1.132597e-01 -6.897653e-02
8.989748e-02 2.079740e-01 -4.568300e-02
8.597146e-02 2.335740e-01 -5.642948e-02
2.500420e-02 1.303040e-01 -2.237503e-01
3.229829e-02 2.550860e-01 -2.035276e-01
7.956058e-02 2.738490e-01 -7.346547e-02
2.762386e-02 1.246410e-01 -2.151595e-01
9.247604e-02 1.771360e-01 -3.693939e-02
8.219723e-02 2.461340e-01 -6.480018e-02
9.151414e-02 1.936140e-01 -3.917747e-02
3.909283e-02 1.217606e-01 -1.827157e-01
5.320077e-02 1.184759e-01 -1.436393e-01
1.920016e-02 1.477185e-01 -2.365702e-01
8.008459e-02 2.538730e-01 -6.913093e-02
7.520519e-02 2.919360e-01 -8.222183e-02
1.872810e-02 2.082630e-01 -2.370237e-01
8.207964e-02 1.186163e-01 -6.194108e-02
2.516974e-02 2.395820e-01 -2.180248e-01
2.001533e-02 2.198830e-01 -2.314758e-01
4.635398e-02 2.895360e-01 -1.586784e-01
8.330498e-02 1.251558e-01 -5.702356e-02
5.519359e-02 1.075456e-01 -1.341694e-01
5.388214e-02 1.131831e-01 -1.375872e-01
3.980852e-02 2.790400e-01 -1.762263e-01
1.635542e-02 2.025320e-01 -2.398228e-01
5.652363e-02 2.988580e-01 -1.294091e-01
1.537528e-02 1.946730e-01 -2.419782e-01
2.191319e-02 2.327230e-01 -2.237899e-01
7.636636e-02 2.870900e-01 -7.390607e-02
2.642168e-02 2.492490e-01 -2.109179e-01
1.823393e-02 1.401919e-01 -2.333487e-01
3.264429e-02 1.197523e-01 -1.928605e-01
1.448596e-02 1.847810e-01 -2.426451e-01
6.222063e-02 3.000330e-01 -1.105374e-01
1.530076e-02 1.604270e-01 -2.393808e-01
2.342292e-02 1.248239e-01 -2.170406e-01
1.433147e-02 1.746590e-01 -2.416391e-01
8.673708e-02 2.127900e-01 -4.220586e-02
8.941075e-02 1.649250e-01 -3.480749e-02
8.699009e-02 1.479270e-01 -4.103802e-02
7.791263e-02 2.625570e-01 -6.578042e-02
3.392326e-02 1.198119e-01 -1.866124e-01
6.925831e-02 2.968890e-01 -8.953014e-02
8.448218e-02 2.271880e-01 -4.766583e-02
8.021993e-02 2.474870e-01 -5.937628e-02
4.601685e-02 1.200246e-01 -1.532805e-01
4.995937e-02 2.966420e-01 -1.422384e-01
8.780030e-02 2.033150e-01 -3.807359e-02
8.932571e-02 1.729570e-01 -3.251702e-02
7.654273e-02 2.805550e-01 -6.753290e-02
8.754996e-02 1.549730e-01 -3.705292e-02
5.020850e-02 1.071371e-01 -1.394778e-01
6.552501e-02 2.989560e-01 -9.710563e-02
3.173014e-02 2.704710e-01 -1.899316e-01
7.703727e-02 2.718410e-01 -6.534620e-02
7.977606e-02 1.140723e-01 -5.778127e-02
8.063190e-02 1.204544e-01 -5.530011e-02
7.848541e-02 2.535330e-01 -6.103998e-02
7.026475e-02 2.958500e-01 -8.359825e-02
8.235290e-02 1.293807e-01 -5.026894e-02
8.837696e-02 1.938010e-01 -3.357275e-02
1.388004e-02 1.531050e-01 -2.381710e-01
4.854882e-02 1.120981e-01 -1.423539e-01
2.879768e-02 1.190631e-01 -1.966074e-01
1.708526e-02 1.335376e-01 -2.286573e-01
2.718443e-02 2.613400e-01 -2.008699e-01
3.783520e-02 2.841710e-01 -1.712395e-01
2.644175e-02 1.195736e-01 -2.022801e-01
7.272227e-02 2.922040e-01 -7.395450e-02
8.841127e-02 1.824960e-01 -3.075663e-02
2.385750e-02 2.545240e-01 -2.080765e-01
5.494905e-02 3.011220e-01 -1.215379e-01
1.157516e-02 1.663160e-01 -2.402061e-01
7.990846e-02 2.432410e-01 -5.244958e-02
3.899556e-02 1.211224e-01 -1.646993e-01
3.465782e-02 1.198757e-01 -1.765770e-01
2.260786e-02 1.209351e-01 -2.095511e-01
4.303252e-02 2.939870e-01 -1.533298e-01
8.277802e-02 1.366265e-01 -4.385495e-02
1.897985e-02 2.435560e-01 -2.182863e-01
8.655405e-02 1.617210e-01 -3.225695e-02
1.243189e-02 1.453018e-01 -2.358688e-01
4.035319e-02 1.198459e-01 -1.591032e-01
1.004602e-02 2.047910e-01 -2.421737e-01
9.089951e-03 1.973620e-01 -2.442475e-01
4.502364e-02 1.056863e-01 -1.443897e-01
8.491478e-03 1.914950e-01 -2.447085e-01
1.110075e-02 2.153640e-01 -2.374994e-01
1.274354e-02 2.233500e-01 -2.328963e-01
1.488539e-02 2.333910e-01 -2.265111e-01
8.197387e-02 2.247160e-01 -4.100375e-02
9.932140e-03 1.580060e-01 -2.387143e-01
8.302430e-02 2.164870e-01 -3.764502e-02
2.201434e-02 1.191439e-01 -2.044652e-01
7.976451e-02 1.287766e-01 -4.573307e-02
6.946639e-02 2.950040e-01 -7.385698e-02
1.509092e-02 1.277469e-01 -2.229898e-01
7.282922e-02 2.874470e-01 -6.430258e-02
4.145813e-02 1.143999e-01 -1.502962e-01
4.269491e-02 1.105494e-01 -1.467808e-01
4.678065e-02 3.001430e-01 -1.348571e-01
7.753630e-02 1.140425e-01 -5.031646e-02
6.839179e-03 1.816800e-01 -2.440176e-01
8.566373e-02 1.767190e-01 -2.730373e-02
7.614335e-02 2.551370e-01 -5.315799e-02
9.058864e-03 1.513730e-01 -2.372734e-01
8.209559e-02 1.440339e-01 -3.655411e-02
3.118910e-02 2.830010e-01 -1.761683e-01
8.314856e-02 2.087610e-01 -3.339849e-02
1.077514e-02 1.381582e-01 -2.321501e-01
3.297425e-02 1.188503e-01 -1.704758e-01
7.040463e-02 2.922980e-01 -6.747911e-02
3.366714e-02 2.880090e-01 -1.684022e-01
7.819045e-02 2.405560e-01 -4.563978e-02
1.563077e-02 1.232710e-01 -2.167858e-01
4.053058e-02 2.971440e-01 -1.482165e-01
1.630257e-02 2.506820e-01 -2.138772e-01
7.412151e-02 2.706110e-01 -5.499319e-02
5.544301e-02 3.023770e-01 -1.062996e-01
3.535158e-02 2.919360e-01 -1.614478e-01
3.716305e-02 1.162209e-01 -1.564430e-01
7.645617e-02 2.489590e-01 -4.832853e-02
2.624833e-02 2.765130e-01 -1.861684e-01
4.221054e-02 2.989990e-01 -1.421149e-01
5.852342e-02 3.015860e-01 -9.700826e-02
8.290253e-02 2.022170e-01 -2.974914e-02
8.354509e-02 1.960390e-01 -2.791886e-02
2.155205e-02 2.667440e-01 -1.980981e-01
8.400205e-02 1.707070e-01 -2.646563e-02
7.679876e-02 1.202884e-01 -4.609895e-02
7.291686e-02 2.797290e-01 -5.667169e-02
4.185070e-03 1.988050e-01 -2.453532e-01
6.253428e-02 2.997730e-01 -8.487010e-02
2.515817e-02 1.169400e-01 -1.871122e-01
6.549976e-02 2.978290e-01 -7.624983e-02
2.821941e-02 1.172931e-01 -1.784389e-01
7.822773e-02 2.341780e-01 -4.046439e-02
4.667525e-03 1.731490e-01 -2.420164e-01
5.054617e-03 2.130330e-01 -2.406779e-01
8.337108e-02 1.844790e-01 -2.484710e-02
6.601279e-03 1.447317e-01 -2.347200e-01
8.278691e-02 1.904230e-01 -2.523174e-02
8.116073e-02 1.532030e-01 -2.952663e-02
4.952130e-02 3.033220e-01 -1.161927e-01
7.577578e-02 1.126810e-01 -4.374393e-02
3.638201e-02 1.087114e-01 -1.513070e-01
2.016194e-02 1.167826e-01 -1.956087e-01
8.536329e-03 1.322271e-01 -2.275096e-01
1.684020e-03 1.907930e-01 -2.461662e-01
5.046137e-03 2.212950e-01 -2.366787e-01
1.051991e-02 2.436880e-01 -2.210618e-01
1.497352e-02 2.577030e-01 -2.085631e-01
2.134794e-03 2.075350e-01 -2.435097e-01
7.596522e-02 1.269045e-01 -4.023897e-02
7.396170e-02 2.563200e-01 -4.557369e-02
3.424484e-03 1.633290e-01 -2.391228e-01
4.216218e-03 1.532240e-01 -2.367498e-01
1.625005e-02 2.633490e-01 -2.031372e-01
6.971682e-02 2.869540e-01 -5.592338e-02
4.365981e-02 3.030410e-01 -1.269336e-01
2.974852e-02 1.159742e-01 -1.651422e-01
7.512125e-02 2.433600e-01 -4.020667e-02
4.924553e-03 2.278770e-01 -2.329778e-01
7.038317e-02 2.832560e-01 -5.302671e-02
5.779647e-02 3.016580e-01 -8.627989e-02
7.754152e-02 2.220870e-01 -3.172804e-02
-9.179511e-04 1.954480e-01 -2.466109e-01
7.770078e-02 1.437914e-01 -3.055518e-02
6.442897e-02 2.968370e-01 -6.687398e-02
9.381087e-03 1.234369e-01 -2.179345e-01
3.076369e-02 2.948970e-01 -1.586333e-01
1.163429e-02 1.199055e-01 -2.110580e-01
7.556798e-02 1.326356e-01 -3.536458e-02
7.384011e-02 1.189184e-01 -3.965152e-02
3.819931e-02 3.015900e-01 -1.372587e-01
2.541880e-02 1.155104e-01 -1.721226e-01
8.023723e-02 1.836790e-01 -2.148239e-02
7.200563e-02 2.646170e-01 -4.404602e-02
3.102166e-02 1.107536e-01 -1.563612e-01
7.813270e-02 2.099610e-01 -2.683201e-02
3.845267e-03 1.376689e-01 -2.306972e-01
-6.384016e-05 2.153050e-01 -2.407669e-01
3.538443e-03 2.327230e-01 -2.304897e-01
2.171003e-02 1.150211e-01 -1.803135e-01
7.700018e-02 2.167260e-01 -2.824745e-02
-2.302293e-03 1.832960e-01 -2.458141e-01
2.143582e-02 2.830900e-01 -1.805293e-01
7.532386e-02 2.301280e-01 -3.245766e-02
7.282430e-02 2.519500e-01 -3.902545e-02
5.137766e-02 3.038870e-01 -9.794962e-02
1.271711e-02 1.172931e-01 -2.037453e-01
7.814997e-02 1.588570e-01 -2.365490e-02
3.138606e-02 2.979650e-01 -1.518102e-01
2.473549e-02 2.901960e-01 -1.694121e-01
2.964758e-02 1.067074e-01 -1.557834e-01
7.369612e-02 2.381350e-01 -3.368586e-02
4.476731e-03 1.281086e-01 -2.235989e-01
7.774179e-02 1.990130e-01 -2.229241e-02
6.742403e-02 2.871670e-01 -5.049503e-02
7.005158e-04 1.450806e-01 -2.336866e-01
3.813345e-02 3.034110e-01 -1.305779e-01
5.926736e-02 3.002160e-01 -7.247276e-02
6.495093e-02 2.933150e-01 -5.671207e-02
7.766689e-02 1.638230e-01 -2.152501e-02
-4.206199e-03 2.003490e-01 -2.463274e-01
7.025501e-03 2.520440e-01 -2.154160e-01
1.383751e-02 1.155997e-01 -1.966600e-01
4.732740e-02 3.047770e-01 -1.045669e-01
7.381874e-02 1.356990e-01 -3.067963e-02
7.232664e-02 1.249005e-01 -3.467410e-02
-5.297285e-03 1.908140e-01 -2.471810e-01
6.191063e-02 2.972460e-01 -6.146288e-02
1.557070e-03 1.327845e-01 -2.271408e-01
7.722617e-02 1.765480e-01 -1.879368e-02
4.373242e-03 1.236837e-01 -2.187979e-01
-2.353073e-03 1.565770e-01 -2.370929e-01
1.309120e-02 2.740660e-01 -1.938476e-01
-5.571033e-03 2.059950e-01 -2.449888e-01
7.141882e-02 1.174633e-01 -3.327555e-02
1.567794e-02 2.802820e-01 -1.859250e-01
9.735764e-03 2.672080e-01 -2.016330e-01
3.089152e-02 3.011820e-01 -1.435081e-01
7.411065e-02 1.461953e-01 -2.469653e-02
1.388428e-02 1.141872e-01 -1.898520e-01
6.961923e-02 2.645660e-01 -3.661644e-02
1.515111e-03 2.435560e-01 -2.233911e-01
7.577512e-02 1.676900e-01 -1.869301e-02
-7.345063e-03 1.842370e-01 -2.466159e-01
-5.157848e-03 1.672600e-01 -2.405664e-01
2.197736e-02 2.932630e-01 -1.653302e-01
1.887519e-02 1.127406e-01 -1.734455e-01
7.218915e-02 2.301190e-01 -2.684924e-02
1.562059e-02 1.132767e-01 -1.821774e-01
7.105014e-02 2.428960e-01 -2.957083e-02
-4.177711e-03 2.258900e-01 -2.360599e-01
4.181022e-02 3.057600e-01 -1.096844e-01
-6.846533e-03 2.110330e-01 -2.432349e-01
7.426255e-02 2.049780e-01 -2.032463e-02
1.636493e-02 2.855070e-01 -1.791869e-01
6.951943e-02 2.587450e-01 -3.273835e-02
6.663153e-02 2.800480e-01 -3.993750e-02
6.416996e-03 1.169315e-01 -2.053354e-01
6.762570e-02 2.734280e-01 -3.708554e-02
2.276251e-02 1.046481e-01 -1.602936e-01
7.056567e-02 1.309550e-01 -2.895552e-02
6.241839e-02 2.937270e-01 -5.077461e-02
2.015222e-02 1.105920e-01 -1.667825e-01
5.214883e-02 3.033170e-01 -7.871501e-02
-2.886190e-03 1.377327e-01 -2.299101e-01
3.751961e-02 3.056960e-01 -1.185933e-01
5.757581e-02 2.999730e-01 -6.315882e-02
2.292510e-02 2.975860e-01 -1.567976e-01
7.230063e-02 2.144490e-01 -2.091697e-02
7.239396e-02 1.505690e-01 -2.058022e-02
6.483761e-02 2.858770e-01 -4.128861e-02
6.924751e-02 2.526740e-01 -2.899022e-02
4.867653e-02 3.046280e-01 -8.416769e-02
3.028455e-03 2.605020e-01 -2.092294e-01
6.869128e-02 1.233603e-01 -2.842687e-02
6.990842e-02 2.358590e-01 -2.474296e-02
7.287289e-02 1.946780e-01 -1.612235e-02
-1.140544e-02 1.877000e-01 -2.470974e-01
-6.758287e-03 1.458890e-01 -2.339093e-01
-1.157670e-02 1.961630e-01 -2.470706e-01
-9.168401e-03 2.195720e-01 -2.395053e-01
6.549056e-03 1.140893e-01 -1.960068e-01
6.983030e-02 2.272220e-01 -2.189281e-02
-4.557650e-03 1.315762e-01 -2.262319e-01
7.220650e-02 1.702900e-01 -1.485140e-02
-9.275124e-03 1.585040e-01 -2.383403e-01
6.119812e-02 2.933100e-01 -4.461161e-02
2.186322e-04 1.194630e-01 -2.120989e-01
7.186877e-02 1.882360e-01 -1.411097e-02
-4.085058e-03 1.265939e-01 -2.223073e-01
9.735644e-03 1.118088e-01 -1.838070e-01
-6.919884e-03 2.370840e-01 -2.293854e-01
5.669953e-02 2.990630e-01 -5.405181e-02
1.207429e-02 1.107749e-01 -1.766216e-01
-2.585860e-03 2.526010e-01 -2.167950e-01
1.584960e-02 1.063245e-01 -1.660760e-01
6.801872e-02 1.366435e-01 -2.257260e-02
6.532400e-02 2.722280e-01 -2.870032e-02
6.209946e-02 2.896600e-01 -3.742989e-02
-1.346794e-02 2.048590e-01 -2.450342e-01
6.709988e-02 2.503930e-01 -2.312598e-02
6.666808e-02 1.287596e-01 -2.410227e-02
8.540566e-04 1.163018e-01 -2.048445e-01
2.532782e-02 3.040280e-01 -1.374736e-01
5.836988e-02 2.966160e-01 -4.592818e-02
3.446116e-02 3.070830e-01 -1.113790e-01
6.333117e-02 2.834820e-01 -3.184916e-02
6.962800e-02 1.599040e-01 -1.441901e-02
1.139818e-02 2.897830e-01 -1.743362e-01
6.418810e-03 2.807550e-01 -1.880045e-01
-1.056321e-02 2.289150e-01 -2.345047e-01
4.042908e-02 3.068740e-01 -9.429946e-02
8.251218e-03 2.850090e-01 -1.819319e-01
-6.961500e-03 2.447510e-01 -2.236884e-01
3.707491e-02 3.072960e-01 -1.019640e-01
2.416693e-03 2.736410e-01 -1.969488e-01
5.964771e-02 2.941060e-01 -3.947309e-02
4.230815e-02 3.064620e-01 -8.646743e-02
1.476075e-02 2.963950e-01 -1.620482e-01
1.894328e-02 3.008370e-01 -1.503869e-01
-1.029080e-02 1.376391e-01 -2.305740e-01
6.503619e-02 2.637360e-01 -2.340476e-02
2.729083e-02 3.062190e-01 -1.268065e-01
6.536978e-02 1.216797e-01 -2.192285e-02
2.153770e-02 3.032370e-01 -1.422331e-01
6.636009e-02 2.362890e-01 -1.897954e-02
5.227471e-02 3.018620e-01 -5.757378e-02
6.811946e-02 2.064550e-01 -1.375026e-02
-1.671501e-02 1.913120e-01 -2.466889e-01
6.348382e-02 2.780440e-01 -2.614674e-02
-1.337904e-03 2.671570e-01 -2.039278e-01
-1.543173e-02 2.130070e-01 -2.417821e-01
4.493439e-03 1.112302e-01 -1.869857e-01
9.721894e-03 1.075669e-01 -1.725403e-01
6.139524e-02 2.878430e-01 -2.883573e-02
-5.040131e-03 2.593660e-01 -2.112851e-01
6.806896e-02 1.820540e-01 -1.022178e-02
5.951045e-02 2.934290e-01 -3.363105e-02
-1.547029e-02 1.573680e-01 -2.393640e-01
-1.210813e-02 2.359480e-01 -2.300740e-01
6.364364e-02 2.693950e-01 -2.162021e-02
-1.685148e-02 1.706340e-01 -2.427262e-01
6.553497e-02 2.274770e-01 -1.627862e-02
6.615959e-02 1.493693e-01 -1.419484e-02
5.458507e-02 2.996410e-01 -4.575768e-02
6.729579e-02 1.730890e-01 -1.008762e-02
5.853401e-03 1.089709e-01 -1.788189e-01
1.037775e-02 2.946970e-01 -1.663760e-01
-1.503292e-02 1.440425e-01 -2.350079e-01
4.829540e-02 3.037220e-01 -6.089740e-02
6.697515e-02 1.894360e-01 -9.362027e-03
6.201439e-02 2.830520e-01 -2.299161e-02
5.696493e-03 2.883580e-01 -1.776187e-01
6.333142e-02 1.225519e-01 -1.873047e-02
8.329297e-03 9.958080e-02 -1.692173e-01
-1.954275e-02 1.965030e-01 -2.456499e-01
6.370936e-02 2.463890e-01 -1.674671e-02
-1.637915e-02 2.236860e-01 -2.365626e-01
-3.489577e-03 2.703650e-01 -2.010437e-01
6.318691e-02 2.566350e-01 -1.782684e-02
6.359856e-02 1.383114e-01 -1.662788e-02
6.264685e-02 2.748320e-01 -1.924266e-02
-1.733667e-02 1.515730e-01 -2.383252e-01
-1.980642e-02 1.803440e-01 -2.450737e-01
6.451750e-02 2.188360e-01 -1.292292e-02
-1.358602e-02 1.318357e-01 -2.273654e-01
-2.582800e-03 1.133618e-01 -1.969613e-01
-1.024046e-02 1.229093e-01 -2.177781e-01
5.980172e-02 2.917830e-01 -2.487841e-02
6.222866e-02 1.280958e-01 -1.797565e-02
2.655891e-02 3.078950e-01 -1.154245e-01
6.051796e-03 1.030399e-01 -1.717024e-01
-5.654367e-03 1.157019e-01 -2.035621e-01
6.428628e-02 1.526580e-01 -1.121635e-02
6.207261e-02 2.620300e-01 -1.686582e-02
5.749785e-02 2.967520e-01 -2.942251e-02
-2.061155e-02 2.029830e-01 -2.438811e-01
-1.307388e-02 2.453040e-01 -2.231437e-01
6.484854e-02 2.000850e-01 -8.976411e-03
5.098792e-02 3.018200e-01 -4.682025e-02
5.396983e-02 2.997900e-01 -3.849778e-02
4.392409e-02 3.053260e-01 -6.408696e-02
2.210692e-02 3.074440e-01 -1.231857e-01
1.905833e-04 1.088220e-01 -1.833880e-01
-1.106041e-02 2.561370e-01 -2.142473e-01
6.109619e-02 1.332142e-01 -1.573609e-02
6.129846e-02 2.673270e-01 -1.518035e-02
-1.859694e-02 1.379752e-01 -2.324945e-01
5.439309e-02 3.001520e-01 -3.174598e-02
-9.115194e-03 2.651140e-01 -2.061687e-01
1.825729e-02 3.065590e-01 -1.306359e-01
6.292969e-02 1.610950e-01 -7.884038e-03
3.410168e-03 2.927950e-01 -1.708349e-01
-4.103884e-03 1.111578e-01 -1.911397e-01
1.283048e-02 3.035850e-01 -1.444028e-01
1.527979e-02 3.052750e-01 -1.375931e-01
-2.379944e-02 1.864490e-01 -2.448048e-01
-2.243545e-02 1.582190e-01 -2.406093e-01
7.187737e-03 2.987310e-01 -1.591029e-01
-4.761833e-03 2.786100e-01 -1.918815e-01
-2.280295e-02 2.082760e-01 -2.413966e-01
-1.606243e-02 1.268832e-01 -2.227968e-01
6.070443e-02 2.311150e-01 -1.146143e-02
7.558221e-04 1.037164e-01 -1.760916e-01
5.554099e-02 3.007090e-01 -2.470247e-02
-2.912109e-03 2.837930e-01 -1.851682e-01
-2.119073e-02 1.419023e-01 -2.352307e-01
-2.019049e-02 2.297150e-01 -2.323003e-01
1.079517e-03 9.704500e-02 -1.734011e-01
5.962381e-02 2.503590e-01 -1.218433e-02
4.629846e-02 3.040320e-01 -4.848031e-02
-2.300574e-02 2.149730e-01 -2.387870e-01
-2.485412e-02 1.769270e-01 -2.438376e-01
5.964920e-02 2.397860e-01 -1.142872e-02
3.347251e-02 3.083970e-01 -8.328369e-02
-1.290932e-02 1.191524e-01 -2.104819e-01
6.043781e-02 2.187760e-01 -8.699720e-03
-4.274123e-03 1.089922e-01 -1.861637e-01
6.147326e-02 1.712170e-01 -5.236958e-03
-9.693171e-03 2.706840e-01 -2.006972e-01
-2.260430e-02 2.216480e-01 -2.357902e-01
5.886794e-02 1.397495e-01 -1.098621e-02
-2.361405e-02 1.465697e-01 -2.376036e-01
5.875880e-02 2.593790e-01 -1.128607e-02
2.854071e-02 3.091800e-01 -9.345687e-02
2.570194e-02 3.092570e-01 -1.011359e-01
5.767171e-02 1.278788e-01 -1.160659e-02
-2.150254e-02 1.326186e-01 -2.289383e-01
-1.092644e-02 1.144765e-01 -1.994976e-01
6.023897e-02 1.797180e-01 -3.277138e-03
-1.804671e-02 2.502100e-01 -2.182201e-01
-2.586449e-02 1.509900e-01 -2.392791e-01
-4.793794e-03 1.057586e-01 -1.812426e-01
-2.699889e-02 2.001320e-01 -2.417779e-01
-2.725284e-02 1.661070e-01 -2.422532e-01
-2.750875e-02 1.941930e-01 -2.426010e-01
-2.070290e-02 2.422920e-01 -2.238218e-01
4.191181e-02 3.056530e-01 -5.138144e-02
5.864822e-02 2.103090e-01 -5.268763e-03
5.790578e-02 2.656890e-01 -6.925505e-03
4.630972e-02 3.045600e-01 -3.857534e-02
5.745841e-02 1.200672e-01 -7.892038e-03
-3.670827e-03 2.902260e-01 -1.753458e-01
5.907634e-02 1.931590e-01 -2.618817e-03
5.634032e-02 1.340907e-01 -1.005874e-02
6.193869e-03 3.031220e-01 -1.476898e-01
-1.713961e-02 2.582260e-01 -2.116651e-01
3.800974e-02 3.068270e-01 -5.942060e-02
2.034085e-02 3.094480e-01 -1.078759e-01
-8.546381e-04 2.959100e-01 -1.655817e-01
4.715950e-02 3.054360e-01 -3.202341e-02
-1.176795e-02 2.770020e-01 -1.936348e-01
-5.317111e-03 9.301150e-02 -1.758310e-01
4.897985e-02 3.062530e-01 -2.650918e-02
5.588927e-02 2.336550e-01 -7.287837e-03
5.689910e-02 1.533560e-01 -4.158044e-03
-2.709215e-02 1.401707e-01 -2.348449e-01
-6.186118e-03 9.812990e-02 -1.770754e-01
-2.806655e-02 2.135770e-01 -2.371142e-01
2.755045e-02 3.094360e-01 -8.360952e-02
8.775811e-03 3.066230e-01 -1.344695e-01
-3.061222e-02 1.824710e-01 -2.425698e-01
-2.455588e-02 2.374720e-01 -2.257448e-01
-1.612481e-02 2.683780e-01 -2.023458e-01
-2.113828e-02 1.225987e-01 -2.159750e-01
-1.880945e-02 1.190801e-01 -2.091286e-01
-1.201516e-02 1.108175e-01 -1.902915e-01
5.473319e-02 2.446320e-01 -6.784549e-03
-2.436921e-02 1.278533e-01 -2.239837e-01
-3.044851e-02 1.565680e-01 -2.406741e-01
5.468723e-02 2.526950e-01 -6.422666e-03
1.186442e-02 3.083890e-01 -1.236974e-01
5.606010e-02 1.661880e-01 -1.560150e-03
5.452979e-02 1.422512e-01 -5.671945e-03
4.135998e-02 3.064570e-01 -4.122545e-02
-2.799317e-02 2.255630e-01 -2.314164e-01
3.311332e-02 3.079640e-01 -6.317238e-02
3.706933e-02 3.070530e-01 -5.188315e-02
5.513578e-02 2.059060e-01 -1.563233e-03
-1.579785e-02 1.137234e-01 -1.960965e-01
2.803412e-02 3.092060e-01 -7.551157e-02
5.381241e-02 2.571450e-01 -3.583331e-03
-1.227002e-02 1.077243e-01 -1.850383e-01
4.220936e-02 3.071760e-01 -3.513187e-02
1.312477e-02 3.095420e-01 -1.142286e-01
5.248090e-02 1.288234e-01 -5.335416e-03
-3.375354e-02 1.716940e-01 -2.421421e-01
-3.176472e-02 2.083270e-01 -2.366408e-01
5.463858e-02 1.839130e-01 1.133423e-03
5.436009e-02 1.939880e-01 8.286162e-04
-3.276068e-02 1.481440e-01 -2.384040e-01
-1.022252e-02 2.895190e-01 -1.763110e-01
-1.350623e-02 2.834820e-01 -1.849251e-01
-2.784092e-02 2.378760e-01 -2.240189e-01
5.335844e-02 2.602170e-01 -6.227095e-04
-2.395618e-02 2.547200e-01 -2.126876e-01
5.167203e-02 1.359798e-01 -4.771036e-03
5.378845e-02 1.747320e-01 1.136454e-03
-3.093785e-02 1.353884e-01 -2.313444e-01
-2.069037e-02 1.169017e-01 -2.026366e-01
5.170616e-02 2.313320e-01 -3.388959e-03
-3.502825e-02 1.625040e-01 -2.413067e-01
3.654692e-02 3.076020e-01 -4.453813e-02
-3.400124e-02 1.974090e-01 -2.382903e-01
-1.905564e-02 2.735170e-01 -1.962946e-01
2.131249e-02 3.102440e-01 -8.448816e-02
4.303825e-02 3.112440e-01 -2.436460e-02
-1.348645e-02 1.005551e-01 -1.793220e-01
-1.294648e-02 9.112240e-02 -1.774831e-01
-3.550573e-02 1.895890e-01 -2.392139e-01
4.034966e-02 3.095550e-01 -3.066084e-02
-2.248065e-02 2.657740e-01 -2.031528e-01
-3.235773e-02 2.233930e-01 -2.298296e-01
5.095946e-02 1.224924e-01 -4.046158e-04
-7.373033e-03 2.986970e-01 -1.597511e-01
-4.192454e-03 3.023470e-01 -1.507778e-01
5.072385e-02 1.531390e-01 5.391594e-04
5.005121e-02 1.441743e-01 -1.271847e-03
1.592834e-02 3.107040e-01 -9.502366e-02
-3.536501e-02 1.423533e-01 -2.356884e-01
3.182049e-02 3.080740e-01 -5.080732e-02
1.275149e-02 3.106180e-01 -1.028838e-01
3.678189e-02 3.088440e-01 -3.663842e-02
5.036733e-02 2.130500e-01 7.150933e-04
4.911225e-02 2.419730e-01 -1.760010e-03
5.052726e-02 1.647930e-01 2.220358e-03
-1.965838e-03 3.052020e-01 -1.415182e-01
-3.243166e-02 2.319490e-01 -2.250524e-01
-1.202717e-02 2.944890e-01 -1.675827e-01
-3.537808e-02 2.145470e-01 -2.315967e-01
-3.864659e-02 1.564280e-01 -2.398261e-01
4.970450e-02 2.016170e-01 2.928864e-03
-2.696513e-02 1.196034e-01 -2.076791e-01
-2.210822e-02 1.142510e-01 -1.939023e-01
-2.698718e-02 2.596390e-01 -2.070291e-01
-2.988582e-02 2.494570e-01 -2.145079e-01
-3.071259e-02 1.241134e-01 -2.167517e-01
4.816895e-02 2.496230e-01 2.485380e-04
2.473178e-02 3.092740e-01 -6.406423e-02
-3.931851e-02 1.767950e-01 -2.399112e-01
-2.050303e-02 1.114386e-01 -1.879411e-01
4.894408e-02 1.719280e-01 4.034173e-03
-3.855787e-02 1.937370e-01 -2.363631e-01
4.740290e-02 1.314783e-01 1.149260e-04
-2.341946e-02 2.740410e-01 -1.943752e-01
-3.272778e-02 1.263642e-01 -2.198971e-01
-2.069535e-02 2.812480e-01 -1.864953e-01
9.855406e-04 3.084190e-01 -1.268102e-01
3.726894e-03 3.095850e-01 -1.190034e-01
3.606028e-02 3.115200e-01 -2.920731e-02
-3.593479e-02 1.318995e-01 -2.267897e-01
3.145486e-02 3.089080e-01 -4.133538e-02
4.825646e-02 1.909850e-01 4.984191e-03
4.649771e-02 1.378646e-01 4.424811e-04
4.671246e-02 2.258730e-01 1.097394e-03
-3.622965e-02 2.239930e-01 -2.265092e-01
-3.840669e-02 1.377710e-01 -2.321353e-01
-4.146149e-02 1.666350e-01 -2.400680e-01
-1.947463e-02 2.863450e-01 -1.796070e-01
-4.070143e-02 1.499820e-01 -2.378469e-01
4.777276e-02 1.816200e-01 5.271038e-03
1.569341e-02 3.107460e-01 -8.170767e-02
4.562321e-02 2.343910e-01 9.439312e-04
4.710425e-02 2.548730e-01 5.198425e-03
-2.722166e-02 2.683690e-01 -1.987755e-01
-2.075809e-02 1.048736e-01 -1.803188e-01
-3.969749e-02 2.036170e-01 -2.322370e-01
-3.370052e-02 2.454320e-01 -2.152754e-01
-3.818052e-03 3.072490e-01 -1.331338e-01
3.633753e-02 3.148600e-01 -2.134900e-02
2.421039e-02 3.090700e-01 -5.461552e-02
-2.779294e-02 1.166251e-01 -1.969930e-01
3.140058e-02 3.103720e-01 -3.426745e-02
-4.228487e-02 1.440084e-01 -2.350884e-01
4.165873e-03 3.109120e-01 -1.073610e-01
4.413549e-02 2.183760e-01 4.033361e-03
-3.681730e-02 2.376840e-01 -2.182374e-01
4.354583e-02 2.423260e-01 2.845830e-03
4.361113e-02 1.501050e-01 4.801690e-03
-2.274813e-02 9.554730e-02 -1.774942e-01
2.474201e-02 3.090570e-01 -4.683071e-02
-8.637766e-03 3.060060e-01 -1.382381e-01
4.383958e-02 1.268066e-01 5.982368e-03
-2.061807e-02 2.921660e-01 -1.704709e-01
4.404905e-02 1.875510e-01 7.317893e-03
-4.158107e-02 2.099860e-01 -2.279335e-01
3.134500e-02 3.126220e-01 -2.711349e-02
-1.252809e-02 3.033430e-01 -1.473109e-01
-3.376902e-02 2.573670e-01 -2.054598e-01
4.353488e-02 1.717700e-01 6.958756e-03
-4.594528e-02 1.582360e-01 -2.379004e-01
-4.104506e-02 2.189000e-01 -2.243445e-01
2.636316e-02 3.096950e-01 -3.872175e-02
4.250922e-02 2.490740e-01 5.821446e-03
4.202966e-02 1.413960e-01 4.636729e-03
1.632022e-02 3.101080e-01 -6.569661e-02
-4.581406e-02 1.785820e-01 -2.361342e-01
-1.580535e-02 3.008620e-01 -1.535809e-01
-3.431689e-02 1.203225e-01 -2.042833e-01
-3.747558e-02 1.242028e-01 -2.128969e-01
4.301851e-02 2.523970e-01 8.326761e-03
-4.441966e-02 1.400515e-01 -2.317779e-01
4.211307e-02 2.115860e-01 6.271612e-03
4.164746e-02 1.343162e-01 5.387820e-03
-2.880390e-02 2.777380e-01 -1.880058e-01
4.221150e-02 2.010470e-01 7.397852e-03
-4.581242e-02 1.857220e-01 -2.338682e-01
4.176972e-02 1.625670e-01 7.076936e-03
-4.373247e-02 1.355330e-01 -2.277735e-01
-3.154683e-02 2.710500e-01 -1.939107e-01
-4.011209e-02 1.268917e-01 -2.167607e-01
-4.079124e-02 2.306810e-01 -2.186143e-01
9.929591e-03 3.110440e-01 -7.910243e-02
-2.673614e-02 1.088731e-01 -1.795781e-01
-4.725246e-02 1.507180e-01 -2.358535e-01
-2.605138e-03 3.107290e-01 -1.126206e-01
2.964781e-03 3.115290e-01 -9.685708e-02
-3.084810e-02 1.154891e-01 -1.890744e-01
4.050338e-02 1.532540e-01 7.042474e-03
5.243248e-03 3.114860e-01 -8.945393e-02
2.636082e-02 3.110310e-01 -3.096118e-02
-4.846389e-02 1.706980e-01 -2.363427e-01
-3.930859e-02 2.450830e-01 -2.111362e-01
-4.282416e-02 1.300360e-01 -2.205850e-01
-4.690482e-02 1.931500e-01 -2.302178e-01
-2.651344e-02 2.893020e-01 -1.733650e-01
3.835395e-02 2.362760e-01 5.462248e-03
-4.981051e-02 1.631500e-01 -2.363629e-01
-2.245037e-02 2.970080e-01 -1.611637e-01
-4.875472e-02 1.448679e-01 -2.327763e-01
1.997792e-02 3.093510e-01 -4.374023e-02
3.821894e-02 2.428070e-01 6.614440e-03
-2.849333e-02 1.034823e-01 -1.762435e-01
3.892676e-02 1.793990e-01 9.452018e-03
3.767930e-02 2.297710e-01 6.210020e-03
-3.878054e-02 2.552560e-01 -2.038091e-01
3.874027e-02 1.973750e-01 9.362901e-03
2.835440e-02 3.148480e-01 -1.885689e-02
-3.530670e-02 1.181568e-01 -1.935419e-01
-2.572819e-03 3.115670e-01 -1.022778e-01
-3.206071e-02 1.139447e-01 -1.830974e-01
-1.297956e-02 3.077040e-01 -1.302522e-01
-4.554494e-02 2.185930e-01 -2.193850e-01
3.733669e-02 1.456550e-01 8.345861e-03
-4.736029e-02 2.046250e-01 -2.242799e-01
2.102688e-02 3.097630e-01 -3.621782e-02
-1.750149e-02 3.046620e-01 -1.420582e-01
3.777560e-02 1.884870e-01 1.006151e-02
-4.319542e-02 2.386970e-01 -2.112861e-01
-3.094801e-02 2.854940e-01 -1.771485e-01
-4.077189e-02 1.225647e-01 -2.039818e-01
1.307919e-02 3.096700e-01 -5.470180e-02
7.495555e-03 3.107120e-01 -6.988516e-02
-5.239060e-02 1.568870e-01 -2.343160e-01
-5.033749e-02 1.405366e-01 -2.285175e-01
-4.552219e-02 2.262650e-01 -2.152876e-01
3.696246e-02 2.493720e-01 1.140506e-02
3.569715e-02 2.170910e-01 9.059413e-03
-3.885269e-02 2.647570e-01 -1.954093e-01
3.575472e-02 1.559130e-01 9.835499e-03
-5.264330e-02 1.502800e-01 -2.327735e-01
3.564023e-02 1.382731e-01 1.017591e-02
-3.744359e-02 2.707520e-01 -1.905677e-01
-5.118053e-02 1.888190e-01 -2.280718e-01
-4.534601e-02 1.268620e-01 -2.111085e-01
-3.549942e-02 2.782870e-01 -1.838328e-01
2.268198e-02 3.118140e-01 -2.359761e-02
3.486389e-02 1.648860e-01 1.072462e-02
-1.072288e-02 3.106270e-01 -1.144838e-01
3.529621e-02 1.317421e-01 1.270331e-02
-5.428320e-02 1.654480e-01 -2.333770e-01
1.581951e-02 3.092230e-01 -4.021837e-02
-4.555964e-02 2.385910e-01 -2.083959e-01
-5.333571e-02 1.808540e-01 -2.297079e-01
-5.090340e-02 1.362095e-01 -2.229603e-01
-8.679719e-03 3.113720e-01 -1.069239e-01
-2.680309e-02 2.986240e-01 -1.566402e-01
-3.510341e-02 1.127789e-01 -1.782495e-01
-4.388695e-02 2.517420e-01 -2.018291e-01
8.170645e-04 3.113250e-01 -7.899347e-02
-4.915935e-02 2.159850e-01 -2.156445e-01
3.331887e-02 1.475526e-01 1.105525e-02
3.238712e-02 2.423350e-01 9.242937e-03
-5.225224e-02 1.958310e-01 -2.232091e-01
-5.512305e-02 1.742210e-01 -2.310441e-01
-2.566659e-02 3.017640e-01 -1.493902e-01
-4.850792e-02 2.268560e-01 -2.104223e-01
-5.537679e-02 1.464847e-01 -2.289792e-01
-3.566795e-02 1.087667e-01 -1.745948e-01
3.212956e-02 2.049190e-01 1.174531e-02
1.105409e-02 3.091460e-01 -4.531875e-02
-4.360944e-02 2.607700e-01 -1.949278e-01
-4.559045e-02 1.239305e-01 -2.002532e-01
-5.117579e-02 1.321463e-01 -2.154536e-01
1.705251e-02 3.094020e-01 -2.799787e-02
-5.214393e-02 2.048550e-01 -2.175729e-01
-5.697001e-02 1.703410e-01 -2.306903e-01
3.132326e-02 1.741830e-01 1.255153e-02
-4.100628e-02 1.190205e-01 -1.860270e-01
-5.745259e-02 1.618020e-01 -2.310430e-01
-1.698016e-02 3.096990e-01 -1.197934e-01
2.039335e-02 3.117370e-01 -1.652967e-02
-4.361897e-02 1.215776e-01 -1.921920e-01
1.750162e-03 3.106440e-01 -6.733124e-02
-3.284357e-02 2.954250e-01 -1.614035e-01
2.922677e-02 2.357020e-01 9.856262e-03
1.798840e-02 3.100100e-01 -2.093131e-02
-4.710775e-02 2.490400e-01 -1.996487e-01
-3.499080e-02 2.919490e-01 -1.662526e-01
-5.813987e-02 1.537470e-01 -2.293011e-01
-1.018736e-02 3.117420e-01 -9.716030e-02
-7.871209e-03 3.117370e-01 -9.049396e-02
2.977043e-02 1.585300e-01 1.296576e-02
2.971454e-02 1.932440e-01 1.307480e-02
-2.325146e-02 3.068060e-01 -1.323678e-01
-5.001926e-02 2.303450e-01 -2.057294e-01
2.965727e-02 1.799270e-01 1.322023e-02
2.853778e-02 2.269790e-01 1.089213e-02
-5.552029e-02 1.943370e-01 -2.195427e-01
2.950605e-02 1.421449e-01 1.419812e-02
-5.719480e-02 1.425405e-01 -2.237355e-01
-4.871147e-02 2.441220e-01 -2.003227e-01
-6.189993e-03 3.115590e-01 -8.336309e-02
-4.124887e-02 1.173527e-01 -1.796093e-01
5.476889e-03 3.093120e-01 -5.041574e-02
-5.783542e-02 1.830370e-01 -2.239972e-01
-5.895241e-02 1.769530e-01 -2.263308e-01
1.129725e-02 3.081630e-01 -3.292602e-02
-5.268019e-02 2.166230e-01 -2.086624e-01
-5.185565e-02 1.292744e-01 -2.061622e-01
2.753576e-02 2.184530e-01 1.224195e-02
-6.033193e-02 1.711280e-01 -2.275042e-01
-4.221127e-02 2.802400e-01 -1.775853e-01
-4.772117e-02 2.589110e-01 -1.919481e-01
-6.085715e-02 1.593590e-01 -2.275539e-01
2.818534e-02 1.349289e-01 1.798120e-02
-4.581411e-02 2.696030e-01 -1.851329e-01
-5.747906e-02 1.383156e-01 -2.171419e-01
-2.403070e-02 3.084440e-01 -1.249529e-01
1.339472e-02 3.075250e-01 -2.210266e-02
-1.918862e-02 3.107800e-01 -1.114671e-01
-5.190401e-02 1.279852e-01 -2.003910e-01
-6.168938e-02 1.653540e-01 -2.270135e-01
-5.527761e-02 2.081480e-01 -2.090822e-01
2.531832e-02 2.459810e-01 1.319363e-02
-5.343435e-02 2.224780e-01 -2.030725e-01
6.760044e-03 3.079210e-01 -3.712439e-02
-4.327939e-02 1.153785e-01 -1.743965e-01
-5.156299e-02 2.401260e-01 -1.971401e-01
-6.142051e-02 1.491906e-01 -2.235530e-01
-5.098253e-02 2.481250e-01 -1.939171e-01
-5.038675e-02 1.255855e-01 -1.916747e-01
-5.891389e-02 1.925550e-01 -2.150905e-01
2.428970e-02 2.078120e-01 1.426027e-02
-4.196963e-02 2.887110e-01 -1.676560e-01
-5.711231e-02 1.344949e-01 -2.089048e-01
-5.781739e-02 1.997450e-01 -2.106196e-01
-6.282157e-02 1.718770e-01 -2.239329e-01
-3.484398e-02 3.015010e-01 -1.470651e-01
2.415046e-02 1.834330e-01 1.508571e-02
2.437365e-02 1.535350e-01 1.579163e-02
-5.559426e-02 2.140450e-01 -2.034982e-01
-5.372727e-02 2.302560e-01 -1.974882e-01
1.410697e-02 3.079760e-01 -1.067956e-02
-1.822468e-02 3.115630e-01 -9.919492e-02
2.350730e-02 1.607040e-01 1.597561e-02
-5.094981e-02 2.573580e-01 -1.884886e-01
-6.229747e-02 1.808800e-01 -2.191532e-01
-3.322765e-02 3.042450e-01 -1.390219e-01
-4.503266e-02 1.120726e-01 -1.711531e-01
2.173428e-02 2.396120e-01 1.272010e-02
2.332673e-02 1.470803e-01 1.714783e-02
-3.024116e-02 3.069420e-01 -1.298063e-01
-5.554301e-02 2.205510e-01 -1.987417e-01
-4.962336e-02 1.235433e-01 -1.824004e-01
-6.423073e-02 1.574870e-01 -2.224164e-01
1.025386e-02 3.054450e-01 -1.767898e-02
-6.251891e-02 1.448423e-01 -2.172652e-01
-2.155735e-02 3.112480e-01 -1.044617e-01
-3.947880e-02 2.980460e-01 -1.535676e-01
-5.764021e-02 1.332483e-01 -2.033606e-01
2.113794e-02 2.303190e-01 1.315780e-02
6.990327e-03 3.055680e-01 -2.523975e-02
-5.857181e-02 2.037660e-01 -2.047369e-01
-1.064743e-02 3.109970e-01 -7.221303e-02
2.097182e-02 2.122790e-01 1.488257e-02
-2.727180e-02 3.095680e-01 -1.176132e-01
2.133593e-02 1.691880e-01 1.680364e-02
-5.075637e-03 3.094740e-01 -5.548349e-02
-5.109037e-02 2.666930e-01 -1.818183e-01
-6.305922e-02 1.850960e-01 -2.138343e-01
2.156715e-02 1.446551e-01 1.886009e-02
-4.323377e-02 2.942290e-01 -1.589689e-01
-1.836360e-03 3.082150e-01 -4.523045e-02
-6.579525e-02 1.658350e-01 -2.204030e-01
-5.795113e-02 2.125940e-01 -1.974859e-01
-6.560606e-02 1.731280e-01 -2.181748e-01
-4.874941e-02 1.169613e-01 -1.713116e-01
-5.728252e-02 1.312826e-01 -1.945182e-01
1.926451e-02 1.880790e-01 1.645111e-02
-5.706225e-02 2.211680e-01 -1.929800e-01
-5.490737e-02 2.451560e-01 -1.867166e-01
-5.117357e-02 2.737090e-01 -1.763808e-01
-6.261989e-02 1.402898e-01 -2.076192e-01
-4.964544e-02 2.807800e-01 -1.716571e-01
9.452306e-03 3.041940e-01 -8.669448e-03
-5.553358e-02 1.287425e-01 -1.871364e-01
-5.995276e-02 2.051780e-01 -1.990679e-01
7.782411e-03 3.032960e-01 -1.292687e-02
-4.810239e-02 2.868940e-01 -1.662590e-01
-6.605281e-02 1.514630e-01 -2.153148e-01
-5.671077e-02 2.291110e-01 -1.886622e-01
1.843083e-06 3.059300e-01 -3.258296e-02
-5.156020e-02 1.218627e-01 -1.738932e-01
-6.719501e-02 1.596360e-01 -2.167321e-01
-4.168784e-02 3.005770e-01 -1.465312e-01
1.764835e-02 2.493250e-01 1.651833e-02
-2.105195e-02 3.114910e-01 -8.871928e-02
1.889352e-02 1.423193e-01 2.179309e-02
1.711050e-02 1.781650e-01 1.783968e-02
-3.333317e-02 3.085760e-01 -1.206203e-01
-3.713192e-02 3.060060e-01 -1.308349e-01
-5.495412e-02 2.607660e-01 -1.796557e-01
-6.667817e-02 1.785060e-01 -2.116171e-01
-1.830226e-02 3.112570e-01 -7.864045e-02
1.603704e-02 2.006300e-01 1.684911e-02
-6.216054e-02 1.373966e-01 -1.977591e-01
-6.612234e-02 1.465953e-01 -2.084216e-01
-5.169166e-02 1.136128e-01 -1.684709e-01
1.531121e-02 2.177250e-01 1.577557e-02
2.862751e-03 3.024070e-01 -1.784854e-02
-6.408574e-02 1.938740e-01 -2.008550e-01
-3.050993e-02 3.104480e-01 -1.078153e-01
-5.725787e-02 2.398200e-01 -1.807022e-01
-6.772954e-02 1.515050e-01 -2.092751e-01
-6.881679e-02 1.710680e-01 -2.113664e-01
-5.559320e-02 2.682540e-01 -1.748248e-01
1.340871e-02 2.422160e-01 1.482129e-02
-6.685083e-02 1.838920e-01 -2.056776e-01
-5.675848e-02 1.279086e-01 -1.775413e-01
1.325437e-02 2.308680e-01 1.510781e-02
-5.965033e-02 2.169260e-01 -1.851715e-01
1.485769e-02 1.640690e-01 1.974770e-02
-1.429950e-02 3.100100e-01 -6.026833e-02
-6.929272e-02 1.634480e-01 -2.110335e-01
-5.052168e-02 2.913660e-01 -1.591824e-01
-6.090291e-02 2.107220e-01 -1.876923e-01
1.396032e-02 1.843390e-01 1.828321e-02
-5.894654e-02 2.231160e-01 -1.819093e-01
-5.447596e-02 1.193226e-01 -1.693392e-01
3.861944e-03 2.996240e-01 -8.528834e-03
-1.234515e-02 3.090780e-01 -5.279486e-02
-6.098083e-02 1.336950e-01 -1.857499e-01
1.410412e-02 1.559260e-01 2.066173e-02
-4.883848e-02 2.967060e-01 -1.517464e-01
-6.621212e-02 1.440382e-01 -1.992824e-01
-6.940315e-02 1.573380e-01 -2.076820e-01
-3.023248e-02 3.109250e-01 -9.987610e-02
-6.277313e-02 2.046850e-01 -1.892684e-01
-5.779733e-02 2.542180e-01 -1.754647e-01
-5.633626e-02 1.239177e-01 -1.708480e-01
-5.813813e-02 2.468490e-01 -1.757708e-01
-3.471736e-03 3.030920e-01 -2.401281e-02
-6.871575e-02 1.510070e-01 -2.030839e-01
-5.675554e-02 2.751090e-01 -1.691978e-01
1.119582e-02 2.053190e-01 1.757430e-02
-5.801723e-02 2.645950e-01 -1.723368e-01
-5.458215e-02 2.859920e-01 -1.626765e-01
-8.543839e-03 3.059640e-01 -3.546435e-02
-6.599653e-02 1.421363e-01 -1.929992e-01
-5.926000e-02 2.302980e-01 -1.743980e-01
-1.163213e-02 3.076100e-01 -4.340868e-02
-2.854130e-02 3.111630e-01 -8.973650e-02
-7.077803e-02 1.686520e-01 -2.053732e-01
-4.627096e-02 3.028070e-01 -1.380405e-01
-7.014281e-02 1.756890e-01 -2.034950e-01
-4.179985e-02 3.068320e-01 -1.249808e-01
-6.329337e-02 2.072160e-01 -1.838484e-01
8.717734e-03 2.368550e-01 1.541858e-02
9.739809e-03 1.923550e-01 1.867469e-02
1.350317e-03 2.945100e-01 -3.942719e-03
-5.679738e-02 2.827800e-01 -1.636497e-01
8.560773e-03 2.500020e-01 1.622314e-02
-5.814692e-02 1.145573e-01 -1.666593e-01
1.120395e-02 1.489098e-01 2.413090e-02
-6.555060e-02 1.400090e-01 -1.866733e-01
-3.598640e-03 2.995140e-01 -1.575105e-02
-6.683895e-02 1.950950e-01 -1.893973e-01
-6.117552e-02 2.216230e-01 -1.734819e-01
-5.859629e-02 2.770020e-01 -1.661453e-01
-3.982631e-02 3.087550e-01 -1.142724e-01
9.613627e-03 1.639890e-01 2.179751e-02
-5.965832e-02 2.677740e-01 -1.683402e-01
-6.323154e-02 2.120280e-01 -1.781329e-01
-6.001190e-02 2.563330e-01 -1.691819e-01
-5.942779e-02 1.215053e-01 -1.668140e-01
-5.108924e-02 2.998540e-01 -1.438916e-01
7.410500e-03 2.096630e-01 1.784842e-02
-6.330213e-02 1.343800e-01 -1.763155e-01
-3.100811e-03 2.963480e-01 -1.088596e-02
-6.058766e-02 2.465130e-01 -1.677392e-01
-6.115568e-02 1.277129e-01 -1.686417e-01
6.356050e-03 2.186960e-01 1.719741e-02
-6.994686e-02 1.857640e-01 -1.918098e-01
7.656343e-03 1.699410e-01 2.174312e-02
-6.959657e-02 1.480078e-01 -1.892594e-01
-1.116328e-03 2.891700e-01 -6.758148e-04
-3.730262e-02 3.103080e-01 -9.970139e-02
-6.694954e-02 2.012470e-01 -1.810784e-01
-2.285152e-02 3.101550e-01 -5.980267e-02
-2.013601e-02 3.093120e-01 -5.230171e-02
-4.035982e-02 3.094440e-01 -1.076159e-01
-6.123919e-02 2.362550e-01 -1.648641e-01
6.090133e-03 1.843300e-01 2.024217e-02
-5.787482e-02 2.903580e-01 -1.553054e-01
4.506741e-03 2.308130e-01 1.620697e-02
-7.273122e-02 1.712090e-01 -1.958080e-01
-6.166552e-02 2.306640e-01 -1.648398e-01
-6.187499e-02 2.610510e-01 -1.651496e-01
-7.218660e-02 1.568410e-01 -1.933230e-01
-1.096971e-02 3.030030e-01 -2.501356e-02
-4.385181e-03 2.915530e-01 -6.647743e-03
3.332995e-03 2.422880e-01 1.522819e-02
-7.310475e-02 1.642100e-01 -1.946499e-01
-5.662411e-02 2.955310e-01 -1.491195e-01
-9.591666e-03 3.002880e-01 -1.951892e-02
-5.138240e-02 3.029600e-01 -1.341928e-01
6.145049e-03 1.575430e-01 2.404484e-02
-1.434453e-02 3.055340e-01 -3.210461e-02
-3.576803e-02 3.106310e-01 -8.989930e-02
-6.255624e-02 2.532180e-01 -1.634870e-01
-4.672700e-02 3.068320e-01 -1.199687e-01
-7.229773e-02 1.799690e-01 -1.899765e-01
-2.333406e-03 2.841630e-01 3.157194e-03
-6.378598e-02 2.222100e-01 -1.656700e-01
-6.559467e-02 2.142830e-01 -1.702037e-01
-1.798826e-02 3.074610e-01 -3.901381e-02
-6.867103e-02 1.422470e-01 -1.776704e-01
-9.005614e-03 2.959780e-01 -1.370395e-02
-6.389023e-02 1.241262e-01 -1.637598e-01
-6.334211e-02 2.281960e-01 -1.621890e-01
-6.426350e-02 1.188248e-01 -1.632993e-01
-7.152363e-02 1.890610e-01 -1.829714e-01
-7.410717e-02 1.729870e-01 -1.894919e-01
-6.224140e-02 2.847410e-01 -1.566808e-01
-6.806820e-02 1.390347e-01 -1.725446e-01
-2.198502e-02 3.088230e-01 -4.544709e-02
-5.583536e-04 2.507630e-01 1.418530e-02
-5.084596e-02 3.053640e-01 -1.238336e-01
3.055865e-03 1.625250e-01 2.441805e-02
-6.409967e-02 2.490780e-01 -1.595249e-01
-7.471930e-02 1.650440e-01 -1.886495e-01
-6.458524e-02 2.683050e-01 -1.608065e-01
-8.869747e-03 2.900210e-01 -7.717038e-03
-6.725947e-02 1.349033e-01 -1.677862e-01
-6.913016e-02 2.053270e-01 -1.727034e-01
-3.981031e-03 2.777930e-01 6.292334e-03
1.873901e-03 1.745320e-01 2.251148e-02
-6.390185e-02 2.344550e-01 -1.580731e-01
2.871245e-04 2.113260e-01 1.841445e-02
-3.010427e-02 3.104700e-01 -6.507286e-02
3.242723e-03 1.542960e-01 2.657505e-02
-6.434946e-02 2.773420e-01 -1.587653e-01
-9.284343e-04 2.370670e-01 1.557523e-02
-7.426139e-02 1.569430e-01 -1.857355e-01
-6.978266e-03 2.830860e-01 -7.839378e-04
-3.415838e-02 3.105840e-01 -7.390977e-02
-5.895164e-02 2.983100e-01 -1.417784e-01
-7.293538e-02 1.503780e-01 -1.801057e-01
-2.681672e-02 3.099420e-01 -5.305595e-02
-7.422480e-02 1.811820e-01 -1.832437e-01
-3.412151e-04 1.927290e-01 2.006801e-02
-6.556938e-02 2.582050e-01 -1.591078e-01
-4.763860e-02 3.080530e-01 -1.098156e-01
-1.440946e-02 3.002800e-01 -1.844205e-02
-4.441987e-02 3.093720e-01 -1.003018e-01
-1.630886e-02 3.036280e-01 -2.292224e-02
-1.665827e-03 2.210270e-01 1.757178e-02
-1.864179e-02 3.060740e-01 -2.790146e-02
-1.371835e-02 2.964030e-01 -1.412418e-02
-4.469309e-03 2.586600e-01 1.140476e-02
-3.875457e-03 2.466790e-01 1.382727e-02
-3.759659e-02 3.104060e-01 -7.878063e-02
-6.824663e-02 2.169040e-01 -1.628859e-01
-7.582515e-02 1.748120e-01 -1.835501e-01
-7.285639e-02 1.954950e-01 -1.751062e-01
-6.821743e-02 1.291297e-01 -1.614926e-01
-6.663792e-02 2.267540e-01 -1.569027e-01
-6.557295e-02 2.404750e-01 -1.536616e-01
-6.300031e-02 2.936630e-01 -1.464357e-01
-2.184243e-02 3.081120e-01 -3.326272e-02
-1.344738e-02 2.917190e-01 -9.999788e-03
-1.775952e-03 1.799690e-01 2.228965e-02
-5.946391e-02 3.002110e-01 -1.361943e-01
-7.669542e-02 1.695710e-01 -1.829196e-01
-5.799743e-02 3.021090e-01 -1.310221e-01
-7.686461e-02 1.650520e-01 -1.823989e-01
-7.632424e-02 1.582020e-01 -1.803087e-01
-6.893764e-02 1.221733e-01 -1.599740e-01
-1.852690e-03 1.677670e-01 2.474814e-02
-5.072891e-03 2.304600e-01 1.638577e-02
-8.526341e-03 2.665270e-01 6.925294e-03
-2.540634e-02 3.095760e-01 -3.892691e-02
-6.806790e-02 2.658970e-01 -1.560459e-01
-7.300323e-02 1.434213e-01 -1.691978e-01
-7.555217e-02 1.887550e-01 -1.758611e-01
-3.354432e-02 3.103250e-01 -5.982759e-02
-6.690254e-02 2.353700e-01 -1.514137e-01
-6.575774e-02 2.903150e-01 -1.479378e-01
-7.173592e-02 2.107140e-01 -1.639178e-01
-7.593929e-02 1.521650e-01 -1.752564e-01
-6.853850e-02 2.729000e-01 -1.545398e-01
-1.144515e-02 2.745430e-01 2.335278e-03
-1.347076e-02 2.825840e-01 -3.230052e-03
-4.316308e-02 3.098270e-01 -8.450626e-02
-7.362436e-03 2.423010e-01 1.401277e-02
-5.235105e-02 3.072150e-01 -1.095121e-01
-7.183543e-02 1.139702e-01 -1.617968e-01
-6.807475e-02 2.828820e-01 -1.512822e-01
-7.104080e-02 1.232455e-01 -1.581801e-01
-6.453993e-02 2.964930e-01 -1.398217e-01
-1.835539e-02 2.981350e-01 -1.278548e-02
-7.838158e-02 1.775440e-01 -1.774157e-01
-2.090786e-02 3.054830e-01 -1.944305e-02
-6.952090e-02 2.600640e-01 -1.529136e-01
-7.484321e-02 2.017580e-01 -1.675118e-01
-7.878493e-02 1.737360e-01 -1.780512e-01
-7.801457e-02 1.831260e-01 -1.755948e-01
-1.040030e-02 2.511330e-01 1.092464e-02
-4.463296e-03 1.606270e-01 2.790684e-02
-6.924870e-02 2.314940e-01 -1.495767e-01
-1.747090e-02 2.889070e-01 -7.068141e-03
-6.996156e-02 2.560520e-01 -1.507351e-01
-3.189890e-02 3.108910e-01 -4.563053e-02
-3.424248e-02 3.106310e-01 -5.184700e-02
-7.962051e-02 1.658820e-01 -1.764974e-01
-2.531750e-02 3.102990e-01 -2.699835e-02
-7.406064e-02 1.359925e-01 -1.601683e-01
-8.274974e-03 1.947030e-01 2.060108e-02
-7.927384e-02 1.591250e-01 -1.744266e-01
-7.768353e-02 1.504630e-01 -1.697421e-01
-9.659354e-03 2.239840e-01 1.729802e-02
-7.111259e-02 2.258430e-01 -1.509533e-01
-6.482596e-02 2.987950e-01 -1.336006e-01
-1.375109e-02 2.582860e-01 7.332039e-03
-6.971250e-02 2.421180e-01 -1.459882e-01
-6.999974e-02 2.476490e-01 -1.464869e-01
-7.035777e-02 2.838220e-01 -1.473408e-01
-5.197953e-02 3.081080e-01 -9.659680e-02
-8.653652e-03 1.838660e-01 2.245244e-02
-7.853816e-02 1.926650e-01 -1.694857e-01
-7.150973e-02 2.678880e-01 -1.494152e-01
-2.972443e-02 3.123160e-01 -3.428048e-02
-3.820393e-02 3.103840e-01 -5.742016e-02
-6.390423e-02 3.008580e-01 -1.275183e-01
-1.867929e-02 2.820440e-01 -3.053713e-03
-4.337260e-02 3.097330e-01 -6.978270e-02
-4.891895e-02 3.089170e-01 -8.480800e-02
-6.136534e-02 3.036020e-01 -1.184419e-01
-7.751739e-02 1.434128e-01 -1.626463e-01
-1.700213e-02 2.662720e-01 3.682921e-03
-7.633099e-02 1.171825e-01 -1.582188e-01
-7.169725e-02 2.532010e-01 -1.452375e-01
-1.001922e-02 1.755530e-01 2.448410e-02
-7.234984e-02 2.609620e-01 -1.464249e-01
-1.354233e-02 2.324980e-01 1.551503e-02
-8.226678e-02 1.727450e-01 -1.728682e-01
-7.268174e-02 2.752790e-01 -1.463389e-01
-1.263506e-02 2.097350e-01 1.913850e-02
-7.614749e-02 1.294403e-01 -1.550979e-01
-2.218270e-02 2.938250e-01 -6.580588e-03
-2.023935e-02 2.757640e-01 4.704082e-05
-7.763451e-02 2.097560e-01 -1.575522e-01
-7.082684e-02 2.923610e-01 -1.387957e-01
-3.483332e-02 3.132050e-01 -3.936678e-02
-5.960422e-02 3.055510e-01 -1.064109e-01
-8.218686e-02 1.572870e-01 -1.683635e-01
-6.938434e-02 2.965610e-01 -1.327563e-01
-1.453218e-02 2.176660e-01 1.814645e-02
-1.760804e-02 2.464530e-01 1.090359e-02
-1.425900e-02 1.975920e-01 2.059315e-02
-8.062230e-02 2.016600e-01 -1.605182e-01
-7.410632e-02 2.774060e-01 -1.421924e-01
-8.396587e-02 1.801140e-01 -1.692566e-01
-7.301863e-02 2.885790e-01 -1.389939e-01
-7.883145e-02 1.223562e-01 -1.547019e-01
-3.982437e-02 3.120400e-01 -4.738871e-02
-2.348179e-02 2.853030e-01 -2.314827e-03
-7.694223e-02 2.204440e-01 -1.485906e-01
-7.447462e-02 2.687350e-01 -1.416163e-01
-5.411071e-02 3.077890e-01 -8.566691e-02
-7.394218e-02 2.390930e-01 -1.397580e-01
-2.135875e-02 2.593110e-01 5.186499e-03
-5.948012e-02 3.060570e-01 -9.934101e-02
-8.277523e-02 1.498969e-01 -1.619628e-01
-7.480270e-02 2.591830e-01 -1.392027e-01
-1.437872e-02 1.702130e-01 2.692826e-02
-2.136801e-02 2.522690e-01 7.923062e-03
-7.444858e-02 2.478530e-01 -1.378899e-01
-7.481004e-02 2.834690e-01 -1.385524e-01
-7.540109e-02 2.336510e-01 -1.400589e-01
-1.663257e-02 1.903170e-01 2.181410e-02
-8.553756e-02 1.653290e-01 -1.673031e-01
-4.380912e-02 3.110820e-01 -5.247286e-02
-2.042909e-02 2.371520e-01 1.337906e-02
-7.144437e-02 2.973400e-01 -1.266792e-01
-8.104143e-02 1.355288e-01 -1.528492e-01
-6.885945e-02 3.005770e-01 -1.185762e-01
-7.428060e-02 2.914850e-01 -1.328127e-01
-4.735948e-02 3.096780e-01 -5.884747e-02
-1.856336e-02 2.007020e-01 2.029392e-02
-6.724639e-02 3.022410e-01 -1.130136e-01
-8.492330e-02 1.930350e-01 -1.612778e-01
-2.509235e-02 2.651190e-01 3.158940e-03
-8.278993e-02 2.057610e-01 -1.547861e-01
-8.616825e-02 1.864530e-01 -1.638054e-01
-8.311115e-02 1.419066e-01 -1.549056e-01
-5.272882e-02 3.080060e-01 -7.132576e-02
-8.211007e-02 2.126200e-01 -1.497638e-01
-7.626379e-02 2.849070e-01 -1.332812e-01
-7.709396e-02 2.673990e-01 -1.342335e-01
-8.831455e-02 1.724090e-01 -1.648919e-01
-5.919230e-02 3.062660e-01 -8.441888e-02
-6.625392e-02 3.036880e-01 -1.037680e-01
-8.665553e-02 1.535090e-01 -1.597406e-01
-2.041504e-02 1.857470e-01 2.305378e-02
-7.500527e-02 2.937910e-01 -1.265763e-01
-4.816702e-02 3.111420e-01 -5.164321e-02
-2.419738e-02 2.290340e-01 1.500064e-02
-7.776462e-02 2.579450e-01 -1.319362e-01
-8.229713e-02 2.187210e-01 -1.436663e-01
-2.954035e-02 2.784060e-01 2.122151e-03
-8.956021e-02 1.791480e-01 -1.624381e-01
-7.868754e-02 2.411520e-01 -1.323803e-01
-4.768651e-02 3.132310e-01 -4.634066e-02
-7.707686e-02 2.897360e-01 -1.268119e-01
-2.475912e-02 2.175000e-01 1.762501e-02
-2.216613e-02 1.797780e-01 2.486659e-02
-2.928330e-02 2.569960e-01 5.392652e-03
-7.522011e-02 2.957180e-01 -1.196468e-01
-7.858795e-02 2.763770e-01 -1.287948e-01
-6.656800e-02 3.036280e-01 -9.557251e-02
-9.008055e-02 1.835770e-01 -1.600306e-01
-8.583711e-02 1.305295e-01 -1.482915e-01
-7.297224e-02 2.994030e-01 -1.125254e-01
-2.517071e-02 2.061950e-01 1.947865e-02
-2.474529e-02 1.958820e-01 2.109546e-02
-8.706888e-02 1.415194e-01 -1.500322e-01
-7.932710e-02 2.653140e-01 -1.282767e-01
-3.162721e-02 2.695260e-01 3.173083e-03
-8.200969e-02 2.288390e-01 -1.349118e-01
-5.642612e-02 3.071550e-01 -6.335791e-02
-7.988956e-02 2.502440e-01 -1.275359e-01
-3.067226e-02 2.477760e-01 8.070650e-03
-7.900454e-02 2.825540e-01 -1.243813e-01
-8.147202e-02 2.357910e-01 -1.310000e-01
-3.032093e-02 2.421260e-01 9.771235e-03
-8.902007e-02 1.463911e-01 -1.512531e-01
-2.961141e-02 2.324420e-01 1.289153e-02
-6.118579e-02 3.051470e-01 -7.380584e-02
-9.138112e-02 1.588150e-01 -1.564115e-01
-8.959766e-02 1.977160e-01 -1.512489e-01
-8.686907e-02 2.116750e-01 -1.435544e-01
-7.255255e-02 3.006580e-01 -1.042078e-01
-9.123390e-02 1.899550e-01 -1.542862e-01
-5.465957e-02 3.094870e-01 -5.373417e-02
-3.359924e-02 2.618770e-01 4.301609e-03
-7.625325e-02 2.960290e-01 -1.121540e-01
-8.085867e-02 2.595360e-01 -1.240844e-01
-6.744279e-02 3.026620e-01 -8.621427e-02
-3.468484e-02 2.757600e-01 4.182927e-03
-9.066029e-02 1.235688e-01 -1.490152e-01
-7.832114e-02 2.918510e-01 -1.144185e-01
-9.357701e-02 1.802670e-01 -1.557281e-01
-8.116147e-02 2.683140e-01 -1.215395e-01
-5.460194e-02 3.118780e-01 -4.814760e-02
-8.985732e-02 1.371924e-01 -1.449553e-01
-7.241499e-02 3.003260e-01 -9.653552e-02
-9.437192e-02 1.723360e-01 -1.562160e-01
-8.004901e-02 2.854090e-01 -1.167992e-01
-9.435016e-02 1.660350e-01 -1.552386e-01
-9.273803e-02 1.522880e-01 -1.505436e-01
-8.098595e-02 2.770910e-01 -1.179399e-01
-6.272995e-02 3.043380e-01 -6.744214e-02
-8.326218e-02 2.420370e-01 -1.237613e-01
-7.636562e-02 2.963400e-01 -1.046031e-01
-3.702293e-02 2.666330e-01 4.240821e-03
-8.672094e-02 2.240180e-01 -1.317905e-01
-8.550194e-02 2.307830e-01 -1.275361e-01
-3.084597e-02 1.891760e-01 2.275047e-02
-2.906144e-02 1.764040e-01 2.770593e-02
-3.720806e-02 2.553800e-01 5.517933e-03
-3.332553e-02 2.166230e-01 1.658055e-02
-3.439124e-02 2.246690e-01 1.395530e-02
-6.172306e-02 3.054870e-01 -5.924439e-02
-6.822093e-02 3.014030e-01 -7.690251e-02
-7.672753e-02 2.958040e-01 -1.000239e-01
-8.331652e-02 2.527840e-01 -1.178892e-01
-9.199538e-02 2.053910e-01 -1.408660e-01
-8.222407e-02 2.703990e-01 -1.139423e-01
-8.281007e-02 2.624380e-01 -1.149468e-01
-7.117575e-02 2.997260e-01 -8.278403e-02
-7.951199e-02 2.899070e-01 -1.053478e-01
-3.747941e-02 2.317230e-01 1.071351e-02
-3.468586e-02 2.072890e-01 1.853392e-02
-6.145918e-02 3.071890e-01 -5.440728e-02
-7.420571e-02 2.975480e-01 -8.892759e-02
-3.898414e-02 2.393780e-01 8.040606e-03
-4.006263e-02 2.728110e-01 5.747927e-03
-8.851482e-02 2.253030e-01 -1.270181e-01
-8.687487e-02 2.331960e-01 -1.223548e-01
-9.603506e-02 1.869940e-01 -1.473523e-01
-9.501871e-02 1.492289e-01 -1.445352e-01
-8.204872e-02 2.765080e-01 -1.083196e-01
-6.728127e-02 3.014620e-01 -6.690603e-02
-9.716614e-02 1.800160e-01 -1.489213e-01
-3.570048e-02 1.983540e-01 2.034654e-02
-9.480028e-02 1.442424e-01 -1.415160e-01
-9.447660e-02 1.391921e-01 -1.406112e-01
-8.111780e-02 2.840860e-01 -1.036611e-01
-4.133420e-02 2.474530e-01 5.841210e-03
-6.172438e-02 3.092480e-01 -4.942959e-02
-8.668925e-02 2.380460e-01 -1.179675e-01
-9.801705e-02 1.744640e-01 -1.490657e-01
-8.576564e-02 2.444580e-01 -1.146823e-01
-7.851411e-02 2.912040e-01 -9.463833e-02
-8.180280e-02 2.795340e-01 -1.034268e-01
-4.253023e-02 2.636000e-01 4.896997e-03
-3.521548e-02 1.837690e-01 2.509914e-02
-8.327688e-02 2.642510e-01 -1.065283e-01
-8.522466e-02 2.497850e-01 -1.105513e-01
-8.431841e-02 2.556820e-01 -1.080243e-01
-9.790831e-02 1.577040e-01 -1.453221e-01
-9.631351e-02 1.334780e-01 -1.407829e-01
-9.402505e-02 2.091910e-01 -1.335222e-01
-7.857106e-02 2.905230e-01 -9.050967e-02
-6.673887e-02 3.023000e-01 -5.800100e-02
-7.267623e-02 2.969610e-01 -7.364333e-02
-9.643622e-02 1.989070e-01 -1.381108e-01
-9.254243e-02 2.175890e-01 -1.273448e-01
-3.811766e-02 1.910360e-01 2.239615e-02
-4.122685e-02 2.164450e-01 1.454886e-02
-8.883127e-02 2.332300e-01 -1.162278e-01
-8.761962e-02 2.394330e-01 -1.119936e-01
-9.085551e-02 2.255800e-01 -1.208316e-01
-8.153684e-02 2.786700e-01 -9.488581e-02
-8.285198e-02 2.665780e-01 -9.848676e-02
-7.680116e-02 2.924760e-01 -8.182212e-02
-9.990452e-02 1.661290e-01 -1.452734e-01
-4.306233e-02 2.236220e-01 1.135962e-02
-8.034773e-02 2.843410e-01 -9.073826e-02
-7.076632e-02 2.980880e-01 -6.420346e-02
-9.930471e-02 1.547350e-01 -1.408387e-01
-8.729560e-02 2.421010e-01 -1.077389e-01
-4.557691e-02 2.703730e-01 6.910104e-03
-4.669118e-02 2.548010e-01 4.058748e-03
-8.439665e-02 2.546220e-01 -9.834054e-02
-8.591030e-02 2.479760e-01 -1.022243e-01
-8.317213e-02 2.607490e-01 -9.439847e-02
-4.603070e-02 2.306340e-01 7.699311e-03
-4.747243e-02 2.386540e-01 5.054312e-03
-7.950080e-02 2.850310e-01 -8.289040e-02
-8.962657e-02 2.345490e-01 -1.090547e-01
-6.806784e-02 3.044530e-01 -4.982263e-02
-1.016689e-01 1.697790e-01 -1.420758e-01
-7.082885e-02 2.983860e-01 -5.710565e-02
-4.845626e-02 2.618000e-01 4.770326e-03
-7.453466e-02 2.934080e-01 -6.639443e-02
-9.223226e-02 2.262480e-01 -1.149657e-01
-4.928176e-02 2.462490e-01 3.447685e-03
-8.483236e-02 2.509290e-01 -9.410939e-02
-8.048492e-02 2.776490e-01 -8.199188e-02
-6.724361e-02 3.089120e-01 -4.531201e-02
-4.458540e-02 2.059990e-01 1.695637e-02
-9.991418e-02 1.427533e-01 -1.348080e-01
-4.402719e-02 2.005660e-01 1.875262e-02
-8.151457e-02 2.668930e-01 -8.373024e-02
-8.825158e-02 2.392670e-01 -1.021473e-01
-1.003949e-01 1.487056e-01 -1.354582e-01
-9.596308e-02 2.144030e-01 -1.231399e-01
-7.865507e-02 2.855500e-01 -7.487592e-02
-4.247206e-02 1.864750e-01 2.487903e-02
-1.007190e-01 1.924440e-01 -1.344302e-01
-1.012305e-01 1.370477e-01 -1.354958e-01
-7.947645e-02 2.800020e-01 -7.460852e-02
-1.025395e-01 1.607850e-01 -1.378039e-01
-8.678048e-02 2.433390e-01 -9.433323e-02
-9.905291e-02 2.052420e-01 -1.270010e-01
-8.270555e-02 2.564600e-01 -8.177191e-02
-4.270540e-02 1.813390e-01 2.895559e-02
-7.445894e-02 2.936760e-01 -5.776134e-02
-8.116028e-02 2.625060e-01 -7.530495e-02
-1.035496e-01 1.767910e-01 -1.364112e-01
-7.782061e-02 2.862430e-01 -6.557627e-02
-5.133471e-02 2.681480e-01 7.508254e-03
-8.476915e-02 2.482700e-01 -8.386704e-02
-5.002569e-02 2.157340e-01 1.172268e-02
-7.260648e-02 2.989270e-01 -5.021249e-02
-9.401982e-02 2.255800e-01 -1.087300e-01
-9.027297e-02 2.346080e-01 -9.780541e-02
-7.974577e-02 2.701350e-01 -6.876167e-02
-1.035051e-01 1.836030e-01 -1.336073e-01
-5.348952e-02 2.600640e-01 4.059560e-03
-5.224000e-02 2.228100e-01 7.795372e-03
-7.901807e-02 2.775850e-01 -6.536896e-02
-9.769870e-02 2.154070e-01 -1.166163e-01
-4.800730e-02 1.941370e-01 2.072529e-02
-5.564034e-02 2.455940e-01 1.014204e-03
-5.550963e-02 2.399180e-01 1.401147e-03
-8.697076e-02 2.422450e-01 -8.490785e-02
-5.477292e-02 2.303660e-01 3.635313e-03
-5.560971e-02 2.512530e-01 1.493812e-03
-7.733991e-02 2.884300e-01 -5.801230e-02
-9.265410e-02 2.298810e-01 -9.987731e-02
-8.172017e-02 2.568260e-01 -6.936327e-02
-5.162429e-02 2.080080e-01 1.412621e-02
-7.841010e-02 2.840690e-01 -5.895464e-02
-7.225944e-02 3.071000e-01 -4.193752e-02
-8.040968e-02 2.620000e-01 -6.394887e-02
-7.377250e-02 3.016330e-01 -4.484585e-02
-7.903656e-02 2.766320e-01 -5.886168e-02
-1.053951e-01 1.546830e-01 -1.296249e-01
-8.394773e-02 2.496400e-01 -7.061996e-02
-7.702754e-02 2.914470e-01 -5.134397e-02
-9.835481e-02 2.174870e-01 -1.099269e-01
-4.934239e-02 1.877810e-01 2.524619e-02
-1.063081e-01 1.642950e-01 -1.308058e-01
-1.058958e-01 1.415364e-01 -1.294759e-01
-5.265577e-02 2.002300e-01 1.702357e-02
-1.054323e-01 1.882910e-01 -1.267433e-01
-7.959615e-02 2.648210e-01 -5.514112e-02
-5.787180e-02 2.633700e-01 5.715723e-03
-7.707202e-02 2.951230e-01 -4.622145e-02
-8.763233e-02 2.411090e-01 -7.522237e-02
-1.036725e-01 2.016430e-01 -1.192532e-01
-1.071900e-01 1.704730e-01 -1.287596e-01
-5.960837e-02 2.584430e-01 2.784932e-03
-7.944558e-02 2.723090e-01 -5.171733e-02
-7.922048e-02 2.835070e-01 -5.080972e-02
-8.128535e-02 2.558180e-01 -5.646961e-02
-9.301285e-02 2.303660e-01 -8.836222e-02
-1.068377e-01 1.488971e-01 -1.262141e-01
-5.813675e-02 2.153340e-01 8.261094e-03
-1.054487e-01 1.949760e-01 -1.214646e-01
-6.237712e-02 2.451560e-01 -2.692551e-03
-6.253534e-02 2.386710e-01 -2.746322e-03
-1.036732e-01 2.045230e-01 -1.155350e-01
-1.075239e-01 1.803140e-01 -1.254310e-01
-5.709468e-02 2.040300e-01 1.389759e-02
-8.438465e-02 2.477040e-01 -6.081805e-02
-8.020702e-02 2.580090e-01 -4.919552e-02
-1.081672e-01 1.627460e-01 -1.258312e-01
-6.295877e-02 2.515380e-01 -1.477627e-03
-6.307064e-02 2.311700e-01 -1.772005e-03
-6.110905e-02 2.209380e-01 3.788276e-03
-5.439411e-02 1.908830e-01 2.318402e-02
-7.948313e-02 2.659530e-01 -4.557665e-02
-1.000885e-01 2.171940e-01 -1.018214e-01
-7.794012e-02 2.996330e-01 -4.075890e-02
-8.755782e-02 2.411010e-01 -6.705200e-02
-1.025984e-01 2.108630e-01 -1.078236e-01
-8.300264e-02 2.495800e-01 -5.310385e-02
-9.239569e-02 2.317960e-01 -7.871393e-02
-5.997942e-02 2.080250e-01 1.074356e-02
-8.005996e-02 2.722110e-01 -4.429596e-02
-9.716671e-02 2.233590e-01 -9.123055e-02
-8.045902e-02 2.785630e-01 -4.456407e-02
-7.945621e-02 2.593280e-01 -4.162503e-02
-8.057231e-02 2.830010e-01 -4.450736e-02
-8.152928e-02 2.515760e-01 -4.621657e-02
-6.791863e-02 2.457040e-01 -8.453665e-03
-6.728970e-02 2.347490e-01 -6.686142e-03
-6.819668e-02 2.400750e-01 -8.875595e-03
-1.088014e-01 1.848710e-01 -1.194503e-01
-1.096393e-01 1.712130e-01 -1.215554e-01
-8.059144e-02 2.903620e-01 -4.165488e-02
-6.609125e-02 2.247800e-01 -1.750445e-03
-6.509678e-02 2.578940e-01 1.060944e-03
-5.822556e-02 1.939460e-01 2.042574e-02
-6.814786e-02 2.510310e-01 -6.756762e-03
-6.778040e-02 2.296730e-01 -5.655117e-03
-8.367082e-02 2.460190e-01 -4.876160e-02
-8.021014e-02 2.518910e-01 -3.888548e-02
-1.100731e-01 1.557940e-01 -1.206967e-01
-7.987807e-02 2.665910e-01 -3.759188e-02
-9.553848e-02 2.264600e-01 -7.935644e-02
-1.073297e-01 1.983920e-01 -1.115689e-01
-8.107576e-02 2.745680e-01 -3.916044e-02
-8.205819e-02 2.468960e-01 -4.170174e-02
-7.218237e-02 2.485340e-01 -1.447640e-02
-8.897765e-02 2.369780e-01 -6.020027e-02
-7.870933e-02 2.522480e-01 -3.193576e-02
-1.101667e-01 1.788630e-01 -1.177334e-01
-1.112270e-01 1.495821e-01 -1.200548e-01
-1.017230e-01 2.161940e-01 -9.392975e-02
-7.364628e-02 2.395270e-01 -1.676310e-02
-1.087180e-01 1.931380e-01 -1.129644e-01
-8.038461e-02 2.470960e-01 -3.502688e-02
-7.598573e-02 2.500230e-01 -2.261232e-02
-7.843367e-02 2.597410e-01 -2.886499e-02
-8.737970e-02 2.383910e-01 -5.320735e-02
-6.313683e-02 2.001580e-01 1.400400e-02
-1.060272e-01 2.056590e-01 -1.036656e-01
-7.385642e-02 2.337660e-01 -1.517163e-02
-7.935109e-02 2.444710e-01 -3.025513e-02
-6.876785e-02 2.184230e-01 -8.754641e-04
-8.239361e-02 2.826780e-01 -3.806229e-02
-6.653988e-02 2.105310e-01 5.600822e-03
-7.801481e-02 2.412500e-01 -2.532167e-02
-8.563260e-02 2.392590e-01 -4.623839e-02
-7.299967e-02 2.284350e-01 -1.147689e-02
-9.346509e-02 2.293110e-01 -6.731094e-02
-1.114723e-01 1.641970e-01 -1.163383e-01
-7.652289e-02 2.573370e-01 -1.997388e-02
-8.372497e-02 2.393520e-01 -3.945928e-02
-7.144811e-02 2.209250e-01 -5.281844e-03
-7.396116e-02 2.564600e-01 -1.200225e-02
-1.045757e-01 2.110670e-01 -9.527386e-02
-7.930390e-02 2.357610e-01 -2.539330e-02
-8.278874e-02 2.366840e-01 -3.423160e-02
-8.140125e-02 2.697560e-01 -3.034070e-02
-8.268951e-02 2.750360e-01 -3.272346e-02
-1.104369e-01 1.897380e-01 -1.087483e-01
-1.119854e-01 1.726340e-01 -1.126875e-01
-7.249604e-02 2.590810e-01 -4.046713e-03
-7.802863e-02 2.285240e-01 -1.923410e-02
-7.548710e-02 2.228610e-01 -1.164667e-02
-9.296010e-02 2.285070e-01 -5.902247e-02
-8.196606e-02 2.307620e-01 -2.794906e-02
-8.655782e-02 2.322000e-01 -4.045949e-02
-1.117708e-01 1.816120e-01 -1.095869e-01
-1.091706e-01 1.983840e-01 -1.022983e-01
-8.115901e-02 2.667780e-01 -2.458798e-02
-9.121096e-02 2.292430e-01 -5.213970e-02
-9.920243e-02 2.203850e-01 -7.370184e-02
-1.134325e-01 1.588620e-01 -1.124174e-01
-7.046312e-02 2.027060e-01 7.927149e-03
-1.134526e-01 1.666990e-01 -1.093443e-01
-7.937053e-02 2.630720e-01 -1.570450e-02
-8.435818e-02 2.258600e-01 -2.914504e-02
-7.750468e-02 2.169510e-01 -1.019687e-02
-8.818314e-02 2.270350e-01 -3.939111e-02
-7.404610e-02 2.084200e-01 4.622249e-04
-1.083559e-01 2.032170e-01 -9.371119e-02
-7.772295e-02 2.620210e-01 -8.548625e-03
-1.041147e-01 2.130620e-01 -8.092801e-02
-1.155811e-01 1.531690e-01 -1.123793e-01
-9.215436e-02 2.248820e-01 -4.788316e-02
-1.111840e-01 1.927590e-01 -1.000092e-01
-8.239002e-02 2.199630e-01 -2.037247e-02
-9.890353e-02 2.195590e-01 -6.487542e-02
-7.698991e-02 2.100500e-01 -3.997829e-03
-1.067256e-01 2.081860e-01 -8.520974e-02
-8.569040e-02 2.208990e-01 -2.736312e-02
-9.133319e-02 2.224180e-01 -4.195978e-02
-8.865920e-02 2.215630e-01 -3.433686e-02
-1.142749e-01 1.736040e-01 -1.041896e-01
-9.747475e-02 2.199460e-01 -5.787399e-02
-8.224970e-02 2.144370e-01 -1.508392e-02
-1.166187e-01 1.557050e-01 -1.090257e-01
-1.110409e-01 1.962650e-01 -9.126883e-02
-1.143319e-01 1.789230e-01 -1.002453e-01
-9.616209e-02 2.186360e-01 -4.994281e-02
-1.160438e-01 1.645370e-01 -1.044883e-01
-8.132578e-02 2.096200e-01 -8.930446e-03
-1.097050e-01 2.012380e-01 -8.570578e-02
-7.446671e-02 1.973750e-01 1.154442e-02
-8.059889e-02 2.052460e-01 -3.568244e-03
-1.142319e-01 1.835050e-01 -9.569824e-02
-8.495483e-02 2.105140e-01 -1.508935e-02
-8.767545e-02 2.129980e-01 -2.248510e-02
-1.023201e-01 2.133900e-01 -6.266839e-02
-9.111893e-02 2.141940e-01 -3.063170e-02
-7.928348e-02 2.015580e-01 2.109597e-03
-9.448834e-02 2.146620e-01 -3.875865e-02
-9.786795e-02 2.140880e-01 -4.674274e-02
-1.010254e-01 2.129810e-01 -5.486578e-02
-1.076039e-01 2.060040e-01 -7.253237e-02
-1.055789e-01 2.089270e-01 -6.669252e-02
-1.147354e-01 1.852370e-01 -8.845859e-02
-1.177290e-01 1.719280e-01 -9.653879e-02
-8.611898e-02 2.046120e-01 -9.309740e-03
-1.164433e-01 1.793520e-01 -9.206013e-02
-1.131861e-01 1.915250e-01 -8.287419e-02
-1.190150e-01 1.666690e-01 -9.829746e-02
-9.018095e-02 2.064120e-01 -1.794610e-02
-9.360259e-02 2.079820e-01 -2.637440e-02
-8.544818e-02 2.008300e-01 -2.813352e-03
-1.212238e-01 1.607850e-01 -1.010667e-01
-1.124476e-01 1.948050e-01 -7.679665e-02
-9.708246e-02 2.084290e-01 -3.426573e-02
-1.062670e-01 2.063400e-01 -5.907950e-02
-1.182511e-01 1.757400e-01 -9.120356e-02
-1.113609e-01 1.980940e-01 -7.143167e-02
-1.006868e-01 2.076670e-01 -4.138173e-02
-1.038459e-01 2.063650e-01 -4.815548e-02
-1.065484e-01 2.043700e-01 -5.301727e-02
-8.554386e-02 1.969450e-01 4.731874e-03
-1.165094e-01 1.844200e-01 -7.988529e-02
-1.187861e-01 1.781610e-01 -8.604822e-02
-8.970964e-02 1.996510e-01 -5.635893e-03
-9.348436e-02 2.018210e-01 -1.513932e-02
-1.225173e-01 1.665030e-01 -9.443350e-02
-9.659399e-02 2.031910e-01 -2.314384e-02
-1.101631e-01 2.002810e-01 -5.983303e-02
-9.940728e-02 2.039360e-01 -3.022915e-02
-1.145864e-01 1.904020e-01 -7.089498e-02
-1.133778e-01 1.942690e-01 -6.455113e-02
-1.080349e-01 2.008260e-01 -4.719032e-02
-1.130696e-01 1.953290e-01 -6.064172e-02
-1.232232e-01 1.711870e-01 -8.826216e-02
-1.199118e-01 1.799950e-01 -7.890144e-02
-1.177547e-01 1.848920e-01 -7.118704e-02
-1.068905e-01 2.003750e-01 -4.033899e-02
-1.114704e-01 1.976050e-01 -5.210712e-02
-1.050214e-01 1.998810e-01 -3.289029e-02
-1.026584e-01 1.994560e-01 -2.521484e-02
-1.165853e-01 1.886870e-01 -6.340010e-02
-9.963366e-02 1.986300e-01 -1.662830e-02
-1.234695e-01 1.748120e-01 -8.209053e-02
-9.646111e-02 1.973790e-01 -7.714682e-03
-1.113771e-01 1.969370e-01 -4.613262e-02
-1.231189e-01 1.784500e-01 -7.561958e-02
-1.162793e-01 1.923890e-01 -5.197754e-02
-1.214962e-01 1.846240e-01 -6.337945e-02
-1.194733e-01 1.880870e-01 -5.763778e-02
-1.147776e-01 1.943500e-01 -4.319829e-02
-1.126404e-01 1.956090e-01 -3.531526e-02
