-1.835539e-02 2.981350e-01 -1.278548e-02
-2.090786e-02 3.054830e-01 -1.944305e-02
-2.531750e-02 3.102990e-01 -2.699835e-02
-2.972443e-02 3.123160e-01 -3.428048e-02
-2.218270e-02 2.938250e-01 -6.580588e-03
-3.483332e-02 3.132050e-01 -3.936678e-02
-2.485454e-02 3.054060e-01 -1.150233e-02
-2.807296e-02 3.123200e-01 -1.703292e-02
-2.503387e-02 2.995990e-01 -6.841737e-03
-3.982437e-02 3.120400e-01 -4.738871e-02
-2.348179e-02 2.853030e-01 -2.314827e-03
-3.146109e-02 3.159580e-01 -2.393502e-02
-3.544387e-02 3.167280e-01 -3.097557e-02
-2.675254e-02 2.942120e-01 -2.625838e-03
-2.924269e-02 3.106350e-01 -9.232665e-03
-4.054814e-02 3.158130e-01 -3.803262e-02
-2.917529e-02 3.050750e-01 -4.629508e-03
-3.436387e-02 3.197620e-01 -1.489028e-02
-4.402784e-02 3.159160e-01 -3.978276e-02
-4.206289e-02 3.192040e-01 -3.262309e-02
-2.954035e-02 2.784060e-01 2.122151e-03
-3.792135e-02 3.225360e-01 -2.079942e-02
-4.768651e-02 3.132310e-01 -4.634066e-02
-3.383820e-02 3.167410e-01 -6.806696e-03
-3.112176e-02 2.886560e-01 2.352789e-03
-3.339745e-02 3.097550e-01 -1.112890e-03
-4.289230e-02 3.230850e-01 -2.647682e-02
-4.842787e-02 3.169540e-01 -3.977947e-02
-3.324982e-02 3.019130e-01 1.934246e-03
-4.024518e-02 3.269910e-01 -1.264491e-02
-3.468484e-02 2.757600e-01 4.182927e-03
-3.481183e-02 2.946120e-01 4.977126e-03
-3.898282e-02 3.253610e-01 -6.139625e-03
-3.505557e-02 2.805720e-01 4.885188e-03
-5.460194e-02 3.118780e-01 -4.814760e-02
-4.982386e-02 3.227150e-01 -3.162765e-02
-5.257433e-02 3.193580e-01 -3.716091e-02
-3.803638e-02 3.159920e-01 2.874472e-03
-4.523782e-02 3.301430e-01 -1.599064e-02
-3.957148e-02 3.233700e-01 5.017962e-05
-5.503583e-02 3.156820e-01 -4.224003e-02
-3.780648e-02 2.912040e-01 7.673854e-03
-3.849986e-02 3.085510e-01 6.742009e-03
-3.865900e-02 2.847240e-01 7.565273e-03
-4.006263e-02 2.728110e-01 5.747927e-03
-4.405965e-02 3.323600e-01 -5.023723e-03
-3.932589e-02 2.989900e-01 9.137657e-03
-5.153813e-02 3.290500e-01 -2.338949e-02
-6.172438e-02 3.092480e-01 -4.942959e-02
-4.302556e-02 3.281780e-01 3.245662e-03
-5.712790e-02 3.213280e-01 -3.514492e-02
-4.729413e-02 3.350020e-01 -7.981632e-03
-4.280915e-02 3.227870e-01 7.442602e-03
-5.614055e-02 3.266330e-01 -2.859503e-02
-6.171660e-02 3.137370e-01 -4.338989e-02
-4.236191e-02 2.906040e-01 1.143031e-02
-4.350563e-02 2.798700e-01 9.236441e-03
-5.319158e-02 3.346110e-01 -1.590489e-02
-4.671963e-02 3.353080e-01 2.809666e-03
-4.557691e-02 2.703730e-01 6.910104e-03
-4.397301e-02 3.163410e-01 1.239502e-02
-4.397796e-02 3.068320e-01 1.419495e-02
-6.280686e-02 3.194510e-01 -3.666888e-02
-4.552034e-02 2.880510e-01 1.325688e-02
-6.724361e-02 3.089120e-01 -4.531201e-02
-4.636222e-02 2.976590e-01 1.629174e-02
-4.861236e-02 2.762490e-01 1.045249e-02
-5.177101e-02 3.415670e-01 2.667032e-03
-6.771015e-02 3.131330e-01 -4.078248e-02
-6.325809e-02 3.278460e-01 -2.801295e-02
-5.609650e-02 3.411370e-01 -7.493211e-03
-5.133471e-02 2.681480e-01 7.508254e-03
-6.527293e-02 3.256840e-01 -2.999886e-02
-4.768057e-02 3.046700e-01 1.858600e-02
-4.980511e-02 3.332700e-01 1.429979e-02
-5.081759e-02 3.383340e-01 1.153039e-02
-4.906847e-02 3.262030e-01 1.724438e-02
-4.990061e-02 2.852560e-01 1.528557e-02
-6.390103e-02 3.326370e-01 -2.298253e-02
-6.892419e-02 3.188640e-01 -3.499474e-02
-4.904812e-02 3.126050e-01 2.023160e-02
-7.225944e-02 3.071000e-01 -4.193752e-02
-5.448778e-02 2.715350e-01 1.060977e-02
-5.819742e-02 3.464730e-01 1.416762e-03
-5.494152e-02 3.451070e-01 1.216314e-02
-5.787180e-02 2.633700e-01 5.715723e-03
-5.184116e-02 3.228720e-01 2.283687e-02
-5.960837e-02 2.584430e-01 2.784932e-03
-5.523796e-02 2.790780e-01 1.535762e-02
-5.265170e-02 2.993900e-01 2.268698e-02
-6.924262e-02 3.327560e-01 -2.275161e-02
-7.125662e-02 3.260930e-01 -2.794332e-02
-5.378544e-02 3.345640e-01 2.145170e-02
-7.384897e-02 3.169070e-01 -3.359361e-02
-6.466088e-02 3.456520e-01 -6.443308e-03
-5.438858e-02 2.946290e-01 2.247627e-02
-5.593348e-02 3.426010e-01 1.949345e-02
-7.794012e-02 2.996330e-01 -4.075890e-02
-5.933510e-02 3.498550e-01 1.109421e-02
-5.846926e-02 3.492340e-01 1.381477e-02
-6.731631e-02 3.440090e-01 -1.008480e-02
-6.423768e-02 3.487110e-01 -1.008726e-03
-7.731190e-02 3.107890e-01 -3.477402e-02
-6.213581e-02 2.666760e-01 8.972450e-03
-8.059144e-02 2.903620e-01 -4.165488e-02
-6.027526e-02 2.736540e-01 1.418963e-02
-6.509678e-02 2.578940e-01 1.060944e-03
-5.566402e-02 3.286200e-01 2.716105e-02
-6.414327e-02 2.629230e-01 5.783703e-03
-6.324874e-02 3.523150e-01 8.373031e-03
-5.819921e-02 2.885580e-01 2.258819e-02
-5.952614e-02 3.482220e-01 2.155835e-02
-8.034509e-02 3.045430e-01 -3.523372e-02
-5.686507e-02 3.102270e-01 2.950047e-02
-7.372915e-02 3.406440e-01 -1.508487e-02
-8.239361e-02 2.826780e-01 -3.806229e-02
-5.934256e-02 3.447960e-01 2.536203e-02
-7.243442e-02 3.451110e-01 -1.020007e-02
-5.761657e-02 3.174090e-01 3.115579e-02
-8.246504e-02 2.944800e-01 -3.654975e-02
-5.872861e-02 3.014240e-01 2.875762e-02
-5.781304e-02 3.224380e-01 3.129939e-02
-5.890233e-02 3.381340e-01 2.908236e-02
-6.192426e-02 2.822780e-01 2.135803e-02
-7.815167e-02 3.288290e-01 -2.312137e-02
-8.335794e-02 2.899320e-01 -3.616342e-02
-8.140125e-02 2.697560e-01 -3.034070e-02
-7.691902e-02 3.369810e-01 -1.782876e-02
-8.268951e-02 2.750360e-01 -3.272346e-02
-7.249604e-02 2.590810e-01 -4.046713e-03
-6.468525e-02 2.760920e-01 1.801786e-02
-6.506744e-02 3.556550e-01 1.737531e-02
-6.958794e-02 2.634290e-01 5.914956e-03
-8.124084e-02 3.214720e-01 -2.589075e-02
-6.734467e-02 2.700800e-01 1.320873e-02
-8.115901e-02 2.667780e-01 -2.458798e-02
-6.353240e-02 3.531060e-01 2.451115e-02
-7.286627e-02 3.525570e-01 -6.471567e-04
-8.446103e-02 2.994160e-01 -3.213555e-02
-8.487058e-02 2.832220e-01 -3.230119e-02
-8.361923e-02 3.123500e-01 -2.835026e-02
-7.068486e-02 3.566840e-01 8.119962e-03
-7.937053e-02 2.630720e-01 -1.570450e-02
-7.266732e-02 3.551100e-01 3.474920e-03
-7.387647e-02 2.625960e-01 1.717017e-03
-7.772295e-02 2.620210e-01 -8.548625e-03
-6.355495e-02 2.964590e-01 3.057475e-02
-6.197096e-02 3.354910e-01 3.501878e-02
-6.158662e-02 3.180430e-01 3.608771e-02
-8.630106e-02 2.908770e-01 -3.105214e-02
-6.547135e-02 3.551010e-01 2.721538e-02
-6.339956e-02 3.440990e-01 3.372257e-02
-8.482202e-02 2.740450e-01 -2.485924e-02
-6.458157e-02 3.510040e-01 3.077751e-02
-8.061225e-02 3.429460e-01 -1.243844e-02
-6.366088e-02 3.069170e-01 3.548888e-02
-7.980509e-02 3.480810e-01 -7.854557e-03
-6.670541e-02 2.886220e-01 2.830738e-02
-6.861749e-02 3.593600e-01 2.460491e-02
-7.247615e-02 3.602240e-01 1.406912e-02
-8.772515e-02 2.841370e-01 -2.697291e-02
-6.953066e-02 2.812140e-01 2.425184e-02
-7.710008e-02 2.653100e-01 4.375082e-03
-7.466129e-02 2.683900e-01 1.158846e-02
-8.510959e-02 2.705140e-01 -1.677631e-02
-7.251359e-02 2.743430e-01 1.867221e-02
-8.744093e-02 2.774060e-01 -2.198535e-02
-8.029644e-02 2.652550e-01 -2.250993e-03
-7.167878e-02 3.619860e-01 2.210923e-02
-8.852192e-02 3.098990e-01 -2.407485e-02
-7.982416e-02 3.549480e-01 -1.646674e-04
-8.335852e-02 2.671480e-01 -9.152293e-03
-8.624052e-02 3.322070e-01 -1.680761e-02
-8.779462e-02 3.236120e-01 -1.969739e-02
-6.956744e-02 2.904770e-01 3.135426e-02
-6.791089e-02 3.526680e-01 3.631312e-02
-6.880032e-02 3.561690e-01 3.434242e-02
-8.583624e-02 3.418990e-01 -1.159586e-02
-6.634308e-02 3.325090e-01 4.206652e-02
-7.227700e-02 2.826010e-01 2.667028e-02
-9.106376e-02 3.005090e-01 -2.393381e-02
-7.516522e-02 3.641980e-01 2.015458e-02
-6.722500e-02 3.162180e-01 4.221980e-02
-6.712768e-02 3.250590e-01 4.332845e-02
-6.907568e-02 3.027430e-01 3.821303e-02
-6.778561e-02 3.415160e-01 4.202036e-02
-8.002282e-02 3.610490e-01 8.517253e-03
-7.255533e-02 3.628450e-01 3.103199e-02
-8.694124e-02 3.498300e-01 -5.719546e-03
-9.135822e-02 3.192550e-01 -1.773677e-02
-8.436467e-02 3.577310e-01 2.161550e-03
-8.174891e-02 2.691950e-01 9.611220e-03
-9.322972e-02 2.937360e-01 -2.151157e-02
-8.902147e-02 2.730110e-01 -9.791614e-03
-7.009892e-02 3.495320e-01 4.226314e-02
-7.911830e-02 3.659640e-01 1.852131e-02
-8.474011e-02 2.691180e-01 4.232221e-03
-9.145608e-02 3.300540e-01 -1.407517e-02
-7.763896e-02 2.790060e-01 2.475458e-02
-8.150786e-02 3.650280e-01 1.417739e-02
-8.166618e-02 2.711130e-01 1.429451e-02
-9.360255e-02 3.104440e-01 -1.825047e-02
-7.324874e-02 2.979650e-01 3.852541e-02
-9.220459e-02 2.790490e-01 -1.343702e-02
-7.778644e-02 3.676060e-01 2.636065e-02
-8.104297e-02 2.735090e-01 1.846475e-02
-9.163957e-02 3.402520e-01 -9.597483e-03
-7.403934e-02 3.616660e-01 3.941618e-02
-9.554468e-02 2.991220e-01 -1.903837e-02
-7.230982e-02 3.119330e-01 4.545600e-02
-9.542427e-02 2.880900e-01 -1.599992e-02
-8.989201e-02 2.726620e-01 -6.685577e-04
-8.167442e-02 2.768320e-01 2.296076e-02
-7.958382e-02 3.696740e-01 2.898053e-02
-9.477066e-02 3.261270e-01 -1.210080e-02
-9.015258e-02 3.575010e-01 1.362722e-03
-7.794349e-02 3.682650e-01 3.490693e-02
-9.557206e-02 3.185360e-01 -1.269889e-02
-7.287590e-02 3.390570e-01 4.993420e-02
-7.801701e-02 2.912300e-01 3.634823e-02
-7.707241e-02 3.664270e-01 3.895646e-02
-8.895890e-02 2.720840e-01 6.758643e-03
-7.628986e-02 3.000750e-01 4.193480e-02
-9.756214e-02 2.963740e-01 -1.636570e-02
-9.768828e-02 3.036620e-01 -1.614722e-02
-9.337288e-02 3.494770e-01 -3.856979e-03
-8.151678e-02 2.837070e-01 3.068912e-02
-9.586872e-02 3.367720e-01 -8.137607e-03
-9.662304e-02 2.830730e-01 -9.592488e-03
-9.502035e-02 2.783980e-01 -4.952483e-03
-8.794239e-02 2.734750e-01 1.534861e-02
-8.840765e-02 3.676360e-01 1.428042e-02
-9.865334e-02 3.111200e-01 -1.262062e-02
-9.742526e-02 3.247190e-01 -8.733656e-03
-7.692856e-02 3.583600e-01 4.847436e-02
-7.586749e-02 3.488900e-01 5.175760e-02
-7.561701e-02 3.270880e-01 5.351074e-02
-9.168566e-02 3.649680e-01 9.480509e-03
-7.650872e-02 3.201400e-01 5.248041e-02
-8.822915e-02 2.757680e-01 2.058094e-02
-8.046813e-02 3.683590e-01 4.488799e-02
-8.322277e-02 3.733800e-01 3.784551e-02
-7.936127e-02 3.089250e-01 4.942780e-02
-1.000115e-01 3.170860e-01 -7.269095e-03
-9.871593e-02 3.467710e-01 -2.263282e-03
-8.006693e-02 3.645640e-01 4.905322e-02
-9.669720e-02 2.778270e-01 3.493228e-03
-1.016816e-01 2.932760e-01 -9.898950e-03
-8.802516e-02 3.748690e-01 2.789783e-02
-9.713027e-02 3.581260e-01 3.065882e-03
-1.011271e-01 2.877580e-01 -6.626883e-03
-8.546204e-02 2.887660e-01 3.708281e-02
-7.855845e-02 3.446180e-01 5.657580e-02
-7.964710e-02 3.572590e-01 5.374263e-02
-7.842007e-02 3.364960e-01 5.715339e-02
-1.031025e-01 3.009990e-01 -1.042456e-02
-9.989170e-02 2.824570e-01 -1.523965e-03
-8.959575e-02 2.800060e-01 2.732899e-02
-1.008490e-01 3.328920e-01 -3.089376e-03
-9.088132e-02 3.744690e-01 2.441481e-02
-9.727195e-02 3.640110e-01 8.131729e-03
-9.287519e-02 3.734430e-01 2.150006e-02
-1.004114e-01 3.548120e-01 2.371773e-03
-1.017791e-01 3.422730e-01 -1.188669e-03
-1.017977e-01 3.259950e-01 -8.586697e-04
-8.447091e-02 3.023690e-01 4.827114e-02
-1.049521e-01 3.096190e-01 -7.579998e-03
-8.616687e-02 3.757200e-01 4.440029e-02
-9.478884e-02 2.781210e-01 2.192083e-02
-9.005159e-02 3.787150e-01 3.552795e-02
-8.760742e-02 2.933660e-01 4.234831e-02
-8.123972e-02 3.401720e-01 6.050056e-02
-8.865381e-02 3.783580e-01 4.118217e-02
-1.018409e-01 2.813670e-01 6.318025e-03
-8.641994e-02 3.747410e-01 4.906804e-02
-1.041065e-01 3.222590e-01 8.031952e-04
-8.222291e-02 3.315980e-01 6.096722e-02
-8.557080e-02 3.718440e-01 5.217650e-02
-1.003900e-01 2.791760e-01 1.203944e-02
-1.062440e-01 3.171540e-01 -1.599306e-03
-9.883223e-02 2.787550e-01 1.881691e-02
-8.561121e-02 3.120570e-01 5.556216e-02
-8.454576e-02 3.188770e-01 5.868656e-02
-1.066933e-01 2.922680e-01 -1.755869e-03
-1.048740e-01 3.527190e-01 4.491505e-03
-8.870211e-02 3.007260e-01 4.913375e-02
-9.391667e-02 2.852260e-01 3.489864e-02
-9.941725e-02 3.742900e-01 2.031174e-02
-1.058957e-01 2.868010e-01 3.222436e-03
-1.084798e-01 2.995560e-01 -3.851295e-03
-9.720786e-02 2.812860e-01 2.781491e-02
-1.049911e-01 3.602370e-01 7.705690e-03
-1.063791e-01 3.362320e-01 6.507933e-03
-8.615494e-02 3.261180e-01 6.326972e-02
-9.115663e-02 3.799450e-01 5.019811e-02
-1.072960e-01 3.461540e-01 6.394406e-03
-9.923077e-02 3.796600e-01 2.861922e-02
-9.395789e-02 3.826550e-01 4.335596e-02
-9.563946e-02 2.894940e-01 4.053675e-02
-8.700402e-02 3.522120e-01 6.602375e-02
-9.848858e-02 2.851200e-01 3.462805e-02
-8.694506e-02 3.361640e-01 6.661951e-02
-8.776926e-02 3.589220e-01 6.515706e-02
-1.065640e-01 3.689250e-01 1.445233e-02
-8.988746e-02 3.723030e-01 6.027071e-02
-1.100706e-01 3.214890e-01 4.857243e-03
-1.121875e-01 3.132520e-01 -5.645217e-04
-1.127043e-01 3.081890e-01 -1.143082e-03
-9.877212e-02 3.838800e-01 3.749002e-02
-1.094992e-01 3.507960e-01 8.964256e-03
-1.123021e-01 2.973270e-01 2.617188e-03
-1.076466e-01 2.835760e-01 1.578925e-02
-9.041712e-02 3.696910e-01 6.346855e-02
-1.095552e-01 3.328960e-01 1.166292e-02
-1.066907e-01 3.745750e-01 1.994017e-02
-1.097011e-01 2.857580e-01 1.310204e-02
-1.107284e-01 3.274880e-01 1.063452e-02
-1.135786e-01 3.186390e-01 3.907993e-03
-9.412800e-02 3.810510e-01 5.757141e-02
-1.126688e-01 2.925270e-01 7.301408e-03
-1.057746e-01 3.798980e-01 2.653237e-02
-9.899952e-02 2.941780e-01 4.665833e-02
-1.109402e-01 3.418310e-01 1.410127e-02
-1.071103e-01 2.839030e-01 2.546508e-02
-9.975681e-02 3.869950e-01 4.606312e-02
-9.138867e-02 3.310620e-01 6.931730e-02
-9.074801e-02 3.460390e-01 7.111673e-02
-1.120249e-01 3.608960e-01 1.294823e-02
-9.701339e-02 3.046660e-01 5.605861e-02
-1.046144e-01 2.864560e-01 3.528001e-02
-9.268853e-02 3.676140e-01 6.828275e-02
-1.023941e-01 2.901070e-01 4.203767e-02
-1.163871e-01 3.051940e-01 3.776070e-03
-9.474160e-02 3.171030e-01 6.440364e-02
-1.101501e-01 2.849200e-01 2.281825e-02
-9.809054e-02 3.861010e-01 5.599093e-02
-1.126882e-01 3.351300e-01 1.702802e-02
-9.642684e-02 3.122050e-01 6.182396e-02
-1.129334e-01 3.685080e-01 1.695898e-02
-1.130132e-01 3.425160e-01 1.814621e-02
-1.082279e-01 2.860010e-01 3.135924e-02
-1.122924e-01 3.737330e-01 2.036339e-02
-9.498312e-02 3.225570e-01 6.805145e-02
-1.139488e-01 3.511020e-01 1.731073e-02
-1.006655e-01 3.885350e-01 5.401680e-02
-9.493127e-02 3.262720e-01 7.003431e-02
-1.145894e-01 3.304450e-01 1.654977e-02
-1.018841e-01 2.989310e-01 5.248237e-02
-9.426245e-02 3.554200e-01 7.421156e-02
-1.163933e-01 3.261230e-01 1.389380e-02
-1.099329e-01 3.851060e-01 3.277409e-02
-1.162859e-01 2.911360e-01 1.571385e-02
-1.048258e-01 2.940970e-01 4.759447e-02
-1.159475e-01 3.610880e-01 1.760325e-02
-1.205463e-01 3.174770e-01 7.163261e-03
-1.208370e-01 3.119840e-01 7.087399e-03
-9.592776e-02 3.401930e-01 7.560385e-02
-1.189360e-01 2.971310e-01 1.254699e-02
-1.059136e-01 3.912880e-01 4.865443e-02
-1.160198e-01 2.889700e-01 2.125604e-02
-9.925295e-02 3.815150e-01 6.819003e-02
-1.142673e-01 3.807960e-01 2.750388e-02
-1.087460e-01 2.913910e-01 4.338300e-02
-1.161336e-01 3.394440e-01 2.349347e-02
-1.173894e-01 3.667890e-01 2.021397e-02
-1.209533e-01 3.227740e-01 1.213103e-02
-1.171535e-01 3.543360e-01 2.312293e-02
-1.148268e-01 2.885370e-01 3.001506e-02
-1.102335e-01 3.909430e-01 4.272727e-02
-9.900321e-02 3.741030e-01 7.381877e-02
-1.221528e-01 3.052150e-01 1.120154e-02
-1.176801e-01 3.744600e-01 2.395044e-02
-1.182294e-01 3.337640e-01 2.287497e-02
-1.172051e-01 3.482220e-01 2.584712e-02
-1.029392e-01 3.884970e-01 6.527864e-02
-1.048464e-01 3.917300e-01 6.044609e-02
-1.005239e-01 3.793450e-01 7.257202e-02
-9.843104e-02 3.480850e-01 7.887420e-02
-1.236107e-01 3.180300e-01 9.982763e-03
-1.191156e-01 3.634280e-01 2.301631e-02
-1.133952e-01 2.907700e-01 4.012656e-02
-1.173764e-01 3.835230e-01 3.042394e-02
-1.216815e-01 3.284920e-01 1.989704e-02
-1.002901e-01 3.660530e-01 7.918195e-02
-1.086400e-01 3.017350e-01 5.727925e-02
-1.050443e-01 3.151920e-01 6.819713e-02
-1.015150e-01 3.341130e-01 7.794633e-02
-1.073799e-01 3.070830e-01 6.227924e-02
-1.159236e-01 3.914280e-01 4.085641e-02
-1.097924e-01 3.956400e-01 5.792510e-02
-1.049721e-01 3.880290e-01 7.141844e-02
-1.016800e-01 3.562120e-01 8.242220e-02
-1.207400e-01 3.582370e-01 3.006828e-02
-1.022727e-01 3.680910e-01 8.091205e-02
-1.222443e-01 3.732010e-01 2.805163e-02
-1.047899e-01 3.267400e-01 7.609919e-02
-1.263165e-01 3.249400e-01 1.732366e-02
-1.122959e-01 3.007900e-01 5.684372e-02
-1.216322e-01 3.396190e-01 3.138953e-02
-1.209393e-01 3.456860e-01 3.333297e-02
-1.143275e-01 3.963040e-01 5.159058e-02
-1.223432e-01 3.806590e-01 3.072449e-02
-1.282057e-01 3.122950e-01 1.501155e-02
-1.229389e-01 3.674870e-01 3.023147e-02
-1.035596e-01 3.498300e-01 8.369896e-02
-1.245407e-01 2.950670e-01 2.621154e-02
-1.042677e-01 3.415930e-01 8.234515e-02
-1.286958e-01 3.221270e-01 1.525569e-02
-1.236100e-01 3.355300e-01 2.974160e-02
-1.171979e-01 3.955000e-01 4.741110e-02
-1.205703e-01 3.901390e-01 3.822418e-02
-1.102684e-01 3.958270e-01 6.713351e-02
-1.294190e-01 3.184900e-01 1.464883e-02
-1.041759e-01 3.588880e-01 8.468754e-02
-1.079284e-01 3.226590e-01 7.511358e-02
-1.269169e-01 2.989390e-01 2.315335e-02
-1.256738e-01 3.326710e-01 2.800171e-02
-1.154624e-01 3.987120e-01 5.695110e-02
-1.250394e-01 2.945820e-01 3.128254e-02
-1.292323e-01 3.054960e-01 2.005186e-02
-1.059851e-01 3.435500e-01 8.431720e-02
-1.101523e-01 3.935170e-01 7.395898e-02
-1.227550e-01 2.942040e-01 3.959628e-02
-1.235379e-01 3.545910e-01 3.916719e-02
-1.248167e-01 3.411500e-01 3.603493e-02
-1.247387e-01 3.875730e-01 3.635440e-02
-1.159644e-01 4.003670e-01 6.230196e-02
-1.090883e-01 3.339300e-01 8.227192e-02
-1.128560e-01 3.158520e-01 7.206483e-02
-1.132611e-01 3.980310e-01 7.156938e-02
-1.080115e-01 3.706060e-01 8.728074e-02
-1.264300e-01 3.707930e-01 3.701823e-02
-1.187394e-01 3.019470e-01 5.883164e-02
-1.256445e-01 3.913260e-01 4.017541e-02
-1.273114e-01 3.803530e-01 3.568777e-02
-1.085454e-01 3.652110e-01 8.877159e-02
-1.275640e-01 3.769200e-01 3.661033e-02
-1.260753e-01 3.458050e-01 4.105556e-02
-1.256589e-01 3.600750e-01 4.222594e-02
-1.089581e-01 3.514420e-01 8.838675e-02
-1.114445e-01 3.897990e-01 8.196292e-02
-1.252372e-01 3.952060e-01 4.455444e-02
-1.257825e-01 3.525610e-01 4.379225e-02
-1.168109e-01 4.015800e-01 6.882267e-02
-1.101196e-01 3.762600e-01 8.811405e-02
-1.133741e-01 3.259480e-01 7.976354e-02
-1.171267e-01 3.121670e-01 7.018960e-02
-1.338308e-01 3.277650e-01 2.534719e-02
-1.356804e-01 3.185750e-01 2.042297e-02
-1.290462e-01 3.864500e-01 3.865038e-02
-1.119808e-01 3.388650e-01 8.627347e-02
-1.301846e-01 3.370100e-01 3.667944e-02
-1.300953e-01 2.979780e-01 3.699053e-02
-1.195251e-01 3.077680e-01 6.616338e-02
-1.235094e-01 3.006540e-01 5.643937e-02
-1.270617e-01 2.977480e-01 4.803325e-02
-1.125160e-01 3.828210e-01 8.847063e-02
-1.330082e-01 3.007260e-01 3.231313e-02
-1.198472e-01 4.038900e-01 7.125944e-02
-1.304277e-01 3.924960e-01 4.308369e-02
-1.373749e-01 3.128730e-01 2.432488e-02
-1.284491e-01 3.589650e-01 4.896638e-02
-1.125499e-01 3.596410e-01 9.280718e-02
-1.170272e-01 3.991500e-01 8.088700e-02
-1.248333e-01 3.033090e-01 6.058326e-02
-1.287033e-01 4.008520e-01 5.143610e-02
-1.316261e-01 3.427670e-01 4.435225e-02
-1.371105e-01 3.067550e-01 2.931030e-02
-1.150707e-01 3.443970e-01 9.048180e-02
-1.141825e-01 3.719160e-01 9.401331e-02
-1.145615e-01 3.529140e-01 9.306408e-02
-1.301762e-01 3.538590e-01 5.046518e-02
-1.308615e-01 3.983160e-01 4.859553e-02
-1.262093e-01 4.050860e-01 6.137752e-02
-1.359913e-01 3.326830e-01 3.464620e-02
-1.321229e-01 3.799060e-01 4.583951e-02
-1.294062e-01 3.008540e-01 5.484157e-02
-1.149982e-01 3.615130e-01 9.496645e-02
-1.240058e-01 4.068850e-01 7.159826e-02
-1.335608e-01 3.866970e-01 4.550403e-02
-1.263530e-01 3.084100e-01 6.775233e-02
-1.371232e-01 3.025770e-01 3.864787e-02
-1.413464e-01 3.251140e-01 2.718929e-02
-1.204621e-01 3.285560e-01 8.466047e-02
-1.236462e-01 3.168640e-01 7.641158e-02
-1.329426e-01 3.497230e-01 5.114610e-02
-1.335370e-01 3.007050e-01 4.993327e-02
-1.347234e-01 3.922190e-01 4.680532e-02
-1.252331e-01 3.134900e-01 7.352406e-02
-1.196102e-01 3.361130e-01 8.897280e-02
-1.263301e-01 4.080770e-01 7.052290e-02
-1.190048e-01 3.946830e-01 9.097768e-02
-1.267611e-01 3.113460e-01 7.137618e-02
-1.324497e-01 3.598370e-01 5.606235e-02
-1.179515e-01 3.790170e-01 9.694762e-02
-1.353791e-01 3.973420e-01 5.007776e-02
-1.412287e-01 3.077720e-01 3.421648e-02
-1.180893e-01 3.662490e-01 9.818563e-02
-1.242159e-01 4.068170e-01 8.218133e-02
-1.333868e-01 3.665210e-01 5.764165e-02
-1.248632e-01 3.217700e-01 8.112584e-02
-1.444603e-01 3.195580e-01 2.830831e-02
-1.395155e-01 3.360280e-01 4.207819e-02
-1.326301e-01 4.074770e-01 6.144259e-02
-1.360950e-01 3.847570e-01 5.260648e-02
-1.219092e-01 3.995840e-01 9.164738e-02
-1.390252e-01 3.031810e-01 4.565997e-02
-1.306965e-01 4.098550e-01 6.912103e-02
-1.348763e-01 3.568760e-01 5.792635e-02
-1.213258e-01 3.929210e-01 9.580027e-02
-1.206658e-01 3.544120e-01 9.791612e-02
-1.363918e-01 4.021370e-01 5.490640e-02
-1.208855e-01 3.624750e-01 1.002304e-01
-1.380903e-01 3.917260e-01 5.296072e-02
-1.261117e-01 3.288880e-01 8.718617e-02
-1.209936e-01 3.733160e-01 1.012743e-01
-1.438644e-01 3.076440e-01 3.952837e-02
-1.461704e-01 3.137970e-01 3.377110e-02
-1.456067e-01 3.295650e-01 3.555649e-02
-1.368546e-01 3.770510e-01 6.069349e-02
-1.394612e-01 3.975550e-01 5.504357e-02
-1.377520e-01 4.071580e-01 6.052838e-02
-1.395879e-01 3.484510e-01 5.675938e-02
-1.275965e-01 4.082380e-01 9.080960e-02
-1.266127e-01 4.055960e-01 9.369660e-02
-1.375182e-01 3.714050e-01 6.456205e-02
-1.490538e-01 3.259230e-01 3.352553e-02
-1.235818e-01 3.699630e-01 1.037065e-01
-1.417674e-01 3.440390e-01 5.391269e-02
-1.495914e-01 3.194600e-01 3.300799e-02
-1.400414e-01 3.894410e-01 5.953558e-02
-1.382308e-01 4.115610e-01 6.645575e-02
-1.504918e-01 3.223190e-01 3.299229e-02
-1.372302e-01 4.130040e-01 6.999342e-02
-1.269282e-01 3.470390e-01 9.873186e-02
-1.254653e-01 3.903130e-01 1.028037e-01
-1.401418e-01 3.558120e-01 6.305862e-02
-1.446108e-01 3.403720e-01 5.180551e-02
-1.374772e-01 3.111460e-01 7.143117e-02
-1.272046e-01 3.997380e-01 1.005752e-01
-1.421033e-01 3.988950e-01 6.010140e-02
-1.300584e-01 3.371170e-01 9.460089e-02
-1.398729e-01 3.672530e-01 6.842455e-02
-1.340440e-01 4.150590e-01 8.453120e-02
-1.262209e-01 3.814340e-01 1.060515e-01
-1.406804e-01 3.829310e-01 6.656077e-02
-1.421716e-01 4.067150e-01 6.285816e-02
-1.268350e-01 3.634620e-01 1.052186e-01
-1.300594e-01 4.075700e-01 9.843652e-02
-1.415838e-01 3.620110e-01 6.860058e-02
-1.421694e-01 3.094310e-01 6.778033e-02
-1.534168e-01 3.268590e-01 3.754890e-02
-1.472966e-01 3.071680e-01 5.483713e-02
-1.416196e-01 3.797060e-01 7.064499e-02
-1.501367e-01 3.346110e-01 4.725740e-02
-1.329921e-01 4.130590e-01 9.482201e-02
-1.417133e-01 3.720730e-01 7.187288e-02
-1.343329e-01 3.317770e-01 9.245273e-02
-1.427017e-01 4.136760e-01 6.945948e-02
-1.386967e-01 3.180220e-01 8.050270e-02
-1.541654e-01 3.198130e-01 3.817352e-02
-1.455725e-01 3.076530e-01 6.195332e-02
-1.439598e-01 3.940700e-01 6.642358e-02
-1.353296e-01 4.160540e-01 9.041085e-02
-1.421252e-01 3.755750e-01 7.244987e-02
-1.510497e-01 3.099380e-01 4.899489e-02
-1.448187e-01 3.554720e-01 6.782324e-02
-1.385214e-01 4.181350e-01 8.520379e-02
-1.333253e-01 3.433800e-01 1.001241e-01
-1.440318e-01 3.889010e-01 7.080011e-02
-1.415889e-01 3.155370e-01 7.764350e-02
-1.544600e-01 3.298840e-01 4.263526e-02
-1.299860e-01 3.766430e-01 1.102715e-01
-1.459673e-01 4.020010e-01 6.650768e-02
-1.434683e-01 3.672660e-01 7.342625e-02
-1.544257e-01 3.149750e-01 4.368908e-02
-1.421243e-01 4.179860e-01 7.756583e-02
-1.308231e-01 3.891260e-01 1.100221e-01
-1.476686e-01 3.483320e-01 6.405490e-02
-1.399007e-01 3.227150e-01 8.575194e-02
-1.380079e-01 3.293350e-01 9.159653e-02
-1.330099e-01 4.059540e-01 1.055913e-01
-1.414410e-01 4.192280e-01 8.246640e-02
-1.470871e-01 4.095150e-01 6.868902e-02
-1.331774e-01 3.572760e-01 1.073656e-01
-1.361498e-01 4.136040e-01 1.032479e-01
-1.459959e-01 3.852970e-01 7.753671e-02
-1.468397e-01 3.663300e-01 7.713743e-02
-1.593102e-01 3.255570e-01 4.294084e-02
-1.495521e-01 3.527020e-01 7.021100e-02
-1.340551e-01 3.711800e-01 1.130517e-01
-1.483148e-01 3.608030e-01 7.538510e-02
-1.491639e-01 4.165050e-01 7.434021e-02
-1.400328e-01 4.192670e-01 9.974317e-02
-1.500227e-01 4.126930e-01 7.299301e-02
-1.479891e-01 4.208750e-01 7.934244e-02
-1.352771e-01 3.880460e-01 1.155830e-01
-1.501676e-01 3.573100e-01 7.473748e-02
-1.601755e-01 3.298030e-01 4.734599e-02
-1.360393e-01 3.965810e-01 1.145799e-01
-1.499146e-01 4.013330e-01 7.661562e-02
-1.433166e-01 4.223900e-01 9.509825e-02
-1.440941e-01 3.292370e-01 9.326456e-02
-1.571768e-01 3.119370e-01 5.742514e-02
-1.371782e-01 4.048560e-01 1.126997e-01
-1.595494e-01 3.153030e-01 5.152432e-02
-1.404407e-01 4.186840e-01 1.040910e-01
-1.504411e-01 3.157580e-01 7.761398e-02
-1.614980e-01 3.201020e-01 4.753763e-02
-1.413338e-01 3.419080e-01 1.030830e-01
-1.603076e-01 3.330240e-01 5.203088e-02
-1.517609e-01 4.094000e-01 7.623555e-02
-1.561489e-01 3.115030e-01 6.462655e-02
-1.491725e-01 3.818680e-01 8.399119e-02
-1.430294e-01 3.380530e-01 1.009614e-01
-1.489788e-01 3.208850e-01 8.506244e-02
-1.494655e-01 3.783190e-01 8.434319e-02
-1.395145e-01 3.587520e-01 1.120511e-01
-1.508431e-01 3.656620e-01 8.129417e-02
-1.409874e-01 3.510760e-01 1.086748e-01
-1.389166e-01 3.652190e-01 1.147060e-01
-1.495843e-01 4.249590e-01 8.769723e-02
-1.524474e-01 4.210030e-01 8.025133e-02
-1.532852e-01 4.170370e-01 7.869905e-02
-1.564842e-01 3.141160e-01 7.295957e-02
-1.646115e-01 3.288840e-01 5.063003e-02
-1.482752e-01 4.259590e-01 9.622317e-02
-1.399624e-01 3.785750e-01 1.200088e-01
-1.596820e-01 3.419080e-01 6.597429e-02
-1.507325e-01 4.263590e-01 9.091780e-02
-1.409491e-01 3.721880e-01 1.188490e-01
-1.532506e-01 4.248150e-01 8.512974e-02
-1.500010e-01 3.289260e-01 9.442620e-02
-1.581097e-01 3.478850e-01 7.262084e-02
-1.571668e-01 3.521150e-01 7.657841e-02
-1.650178e-01 3.329850e-01 5.584936e-02
-1.629621e-01 3.373890e-01 6.161573e-02
-1.410937e-01 3.915340e-01 1.221847e-01
-1.536893e-01 3.996400e-01 8.781546e-02
-1.441837e-01 4.182620e-01 1.143000e-01
-1.532934e-01 3.780210e-01 8.977058e-02
-1.646107e-01 3.163670e-01 5.899204e-02
-1.672390e-01 3.245060e-01 5.209971e-02
-1.416698e-01 3.875520e-01 1.228499e-01
-1.553287e-01 4.090770e-01 8.545383e-02
-1.485171e-01 4.263340e-01 1.044842e-01
-1.559552e-01 4.221600e-01 8.502071e-02
-1.529385e-01 4.283760e-01 9.401915e-02
-1.450408e-01 3.598620e-01 1.159278e-01
-1.551679e-01 4.263380e-01 8.891903e-02
-1.673885e-01 3.207830e-01 5.552723e-02
-1.434251e-01 3.799910e-01 1.233509e-01
-1.437303e-01 4.045620e-01 1.225518e-01
-1.688377e-01 3.253870e-01 5.433241e-02
-1.574071e-01 4.180370e-01 8.607932e-02
-1.490743e-01 3.451670e-01 1.089997e-01
-1.550096e-01 3.267140e-01 9.294269e-02
-1.447553e-01 4.102130e-01 1.214051e-01
-1.649837e-01 3.152940e-01 6.672203e-02
-1.459277e-01 4.166410e-01 1.190778e-01
-1.480414e-01 4.239940e-01 1.144011e-01
-1.516037e-01 3.389800e-01 1.051658e-01
-1.557374e-01 3.937550e-01 9.436052e-02
-1.584511e-01 3.226040e-01 8.796941e-02
-1.699684e-01 3.287350e-01 5.657592e-02
-1.536925e-01 4.300270e-01 1.017536e-01
-1.453105e-01 4.016990e-01 1.258079e-01
-1.702459e-01 3.317220e-01 5.930986e-02
-1.541232e-01 3.366700e-01 1.038431e-01
-1.512553e-01 4.279890e-01 1.123799e-01
-1.476022e-01 3.726900e-01 1.240335e-01
-1.659321e-01 3.167660e-01 7.468477e-02
-1.617506e-01 3.587220e-01 8.710630e-02
-1.684726e-01 3.168640e-01 6.928202e-02
-1.704325e-01 3.350110e-01 6.410777e-02
-1.721243e-01 3.243910e-01 5.952522e-02
-1.641468e-01 3.511100e-01 8.162713e-02
-1.583039e-01 4.310480e-01 9.823248e-02
-1.604744e-01 4.239210e-01 9.234804e-02
-1.609543e-01 4.187860e-01 9.417113e-02
-1.710591e-01 3.191110e-01 6.659246e-02
-1.724670e-01 3.218930e-01 6.281644e-02
-1.509918e-01 4.231510e-01 1.229495e-01
-1.595565e-01 3.899470e-01 1.008774e-01
-1.620072e-01 3.269220e-01 9.428845e-02
-1.587701e-01 3.348750e-01 1.032744e-01
-1.661708e-01 3.202210e-01 8.350634e-02
-1.741249e-01 3.284160e-01 6.182343e-02
-1.538039e-01 3.555910e-01 1.184304e-01
-1.601986e-01 3.865100e-01 1.013083e-01
-1.563839e-01 4.325070e-01 1.120387e-01
-1.522865e-01 3.652230e-01 1.234145e-01
-1.633473e-01 3.642490e-01 9.320922e-02
-1.612530e-01 4.128080e-01 9.898945e-02
-1.622621e-01 4.284180e-01 9.753168e-02
-1.561471e-01 3.480680e-01 1.145560e-01
-1.610928e-01 3.819360e-01 1.011781e-01
-1.499590e-01 4.035750e-01 1.319520e-01
-1.511706e-01 4.150800e-01 1.297142e-01
-1.584671e-01 3.420440e-01 1.107055e-01
-1.753382e-01 3.238080e-01 6.578562e-02
-1.509570e-01 3.987800e-01 1.335477e-01
-1.607808e-01 4.346810e-01 1.069249e-01
-1.531592e-01 4.216110e-01 1.289826e-01
-1.673333e-01 3.249530e-01 9.189301e-02
-1.626449e-01 4.071320e-01 1.052606e-01
-1.646694e-01 3.310750e-01 1.001849e-01
-1.733750e-01 3.412950e-01 7.652908e-02
-1.646318e-01 4.254190e-01 1.011161e-01
-1.526083e-01 3.903010e-01 1.345710e-01
-1.653453e-01 3.702570e-01 9.962923e-02
-1.530089e-01 4.119530e-01 1.344565e-01
-1.639638e-01 4.332140e-01 1.045157e-01
-1.647973e-01 4.298820e-01 1.024360e-01
-1.686560e-01 3.575010e-01 9.239940e-02
-1.777088e-01 3.322280e-01 6.839477e-02
-1.625843e-01 4.357960e-01 1.101989e-01
-1.747621e-01 3.204850e-01 7.802858e-02
-1.722682e-01 3.481960e-01 8.502528e-02
-1.590298e-01 3.583860e-01 1.233560e-01
-1.590702e-01 4.345200e-01 1.234819e-01
-1.577046e-01 3.656320e-01 1.272996e-01
-1.655795e-01 3.802980e-01 1.058866e-01
-1.645280e-01 4.008560e-01 1.097616e-01
-1.555879e-01 3.813400e-01 1.345609e-01
-1.777324e-01 3.222550e-01 7.502068e-02
-1.547499e-01 4.048390e-01 1.384143e-01
-1.569022e-01 3.754260e-01 1.326456e-01
-1.557750e-01 4.189990e-01 1.362289e-01
-1.581472e-01 4.304740e-01 1.308682e-01
-1.673089e-01 3.764470e-01 1.057228e-01
-1.795142e-01 3.248630e-01 7.263589e-02
-1.704607e-01 3.287610e-01 9.794398e-02
-1.804701e-01 3.281390e-01 7.090370e-02
-1.755205e-01 3.223100e-01 8.471253e-02
-1.631032e-01 4.377790e-01 1.190263e-01
-1.660289e-01 3.946660e-01 1.112640e-01
-1.630953e-01 3.507150e-01 1.201785e-01
-1.740935e-01 3.246120e-01 9.099960e-02
-1.674139e-01 4.319410e-01 1.095487e-01
-1.671845e-01 3.886840e-01 1.113095e-01
-1.656167e-01 3.442180e-01 1.158664e-01
-1.654901e-01 4.380720e-01 1.165564e-01
-1.674727e-01 4.182620e-01 1.125947e-01
-1.670511e-01 4.104980e-01 1.138580e-01
-1.807533e-01 3.364400e-01 7.639561e-02
-1.574788e-01 4.164410e-01 1.407097e-01
-1.684449e-01 4.272740e-01 1.121315e-01
-1.682243e-01 3.412820e-01 1.138947e-01
-1.614276e-01 3.695670e-01 1.326602e-01
-1.591798e-01 4.250830e-01 1.389806e-01
-1.580916e-01 4.094340e-01 1.431404e-01
-1.624199e-01 4.363880e-01 1.322345e-01
-1.643800e-01 3.588200e-01 1.272041e-01
-1.761584e-01 3.269740e-01 9.515862e-02
-1.683685e-01 4.368470e-01 1.167452e-01
-1.588550e-01 3.994230e-01 1.435009e-01
-1.598772e-01 3.860630e-01 1.408242e-01
-1.757925e-01 3.559990e-01 9.728143e-02
-1.617050e-01 4.326770e-01 1.369722e-01
-1.691381e-01 4.169180e-01 1.170888e-01
-1.651886e-01 4.390080e-01 1.282817e-01
-1.818170e-01 3.403290e-01 8.262191e-02
-1.729790e-01 3.349600e-01 1.074823e-01
-1.841877e-01 3.329390e-01 7.729151e-02
-1.678616e-01 4.392720e-01 1.223444e-01
-1.596028e-01 4.120970e-01 1.454293e-01
-1.802351e-01 3.251870e-01 8.974175e-02
-1.746884e-01 3.651250e-01 1.050997e-01
-1.742288e-01 3.701890e-01 1.087414e-01
-1.618869e-01 4.278870e-01 1.426897e-01
-1.648175e-01 4.377360e-01 1.348223e-01
-1.843677e-01 3.270880e-01 8.116098e-02
-1.630124e-01 3.790000e-01 1.402153e-01
-1.705765e-01 4.036350e-01 1.196042e-01
-1.688897e-01 3.533270e-01 1.258027e-01
-1.734524e-01 3.393500e-01 1.135430e-01
-1.837888e-01 3.259990e-01 8.720771e-02
-1.713576e-01 4.213220e-01 1.219932e-01
-1.830413e-01 3.453750e-01 9.041833e-02
-1.628009e-01 3.910580e-01 1.460413e-01
-1.714314e-01 4.333840e-01 1.223291e-01
-1.732072e-01 3.862630e-01 1.177788e-01
-1.715413e-01 4.133530e-01 1.224871e-01
-1.670744e-01 3.672230e-01 1.355488e-01
-1.721730e-01 3.469450e-01 1.217374e-01
-1.649368e-01 4.343240e-01 1.421055e-01
-1.727310e-01 3.966870e-01 1.209931e-01
-1.870011e-01 3.308920e-01 8.244385e-02
-1.756499e-01 3.766600e-01 1.148927e-01
-1.869263e-01 3.367510e-01 8.460770e-02
-1.630520e-01 4.060390e-01 1.502545e-01
-1.701200e-01 4.399960e-01 1.318344e-01
-1.638564e-01 4.221900e-01 1.501345e-01
-1.822716e-01 3.300710e-01 1.006304e-01
-1.656362e-01 3.852720e-01 1.464669e-01
-1.799333e-01 3.338490e-01 1.071992e-01
-1.720753e-01 4.378210e-01 1.289464e-01
-1.847020e-01 3.279390e-01 9.426824e-02
-1.709920e-01 3.602160e-01 1.330403e-01
-1.733626e-01 4.254100e-01 1.273684e-01
-1.690551e-01 4.389740e-01 1.405966e-01
-1.767359e-01 3.834500e-01 1.203351e-01
-1.744985e-01 4.085360e-01 1.267319e-01
-1.845359e-01 3.522000e-01 1.006001e-01
-1.745299e-01 4.192280e-01 1.294848e-01
-1.864818e-01 3.291390e-01 9.712040e-02
-1.667983e-01 4.292010e-01 1.514238e-01
-1.741100e-01 4.326560e-01 1.315982e-01
-1.769421e-01 3.907010e-01 1.243164e-01
-1.744137e-01 3.559230e-01 1.318416e-01
-1.892732e-01 3.304370e-01 9.217212e-02
-1.813419e-01 3.382530e-01 1.145416e-01
-1.878956e-01 3.466130e-01 9.660135e-02
-1.693049e-01 3.822850e-01 1.484412e-01
-1.672293e-01 3.981970e-01 1.542098e-01
-1.895366e-01 3.418860e-01 9.299957e-02
-1.696529e-01 4.361020e-01 1.485106e-01
-1.721466e-01 4.391870e-01 1.420534e-01
-1.669207e-01 4.161610e-01 1.566085e-01
-1.773653e-01 4.003880e-01 1.287142e-01
-1.851277e-01 3.577860e-01 1.076765e-01
-1.793209e-01 3.454220e-01 1.236696e-01
-1.780448e-01 3.493280e-01 1.275307e-01
-1.766651e-01 4.117700e-01 1.316764e-01
-1.715538e-01 3.761490e-01 1.463109e-01
-1.744810e-01 4.368340e-01 1.394124e-01
-1.762508e-01 4.241130e-01 1.348653e-01
-1.915621e-01 3.359850e-01 9.281105e-02
-1.873969e-01 3.324280e-01 1.046491e-01
-1.735974e-01 3.697890e-01 1.432333e-01
-1.760592e-01 4.311800e-01 1.378758e-01
-1.814544e-01 3.807100e-01 1.240390e-01
-1.702249e-01 3.945470e-01 1.565742e-01
-1.853242e-01 3.650020e-01 1.154046e-01
-1.843505e-01 3.699590e-01 1.189737e-01
-1.694588e-01 4.085790e-01 1.599408e-01
-1.837645e-01 3.427630e-01 1.220691e-01
-1.716544e-01 3.894500e-01 1.556831e-01
-1.713132e-01 4.318650e-01 1.566991e-01
-1.882010e-01 3.352910e-01 1.104451e-01
-1.916847e-01 3.328490e-01 1.013995e-01
-1.786204e-01 3.594750e-01 1.384633e-01
-1.785823e-01 4.200450e-01 1.387387e-01
-1.842794e-01 3.761880e-01 1.239538e-01
-1.937132e-01 3.353040e-01 9.909915e-02
-1.757617e-01 4.354000e-01 1.484601e-01
-1.925221e-01 3.474730e-01 1.028189e-01
-1.741088e-01 4.354980e-01 1.538164e-01
-1.784068e-01 4.264270e-01 1.420865e-01
-1.713389e-01 4.236020e-01 1.618603e-01
-1.809970e-01 4.035800e-01 1.355355e-01
-1.778930e-01 4.306610e-01 1.447469e-01
-1.902960e-01 3.565100e-01 1.113010e-01
-1.718551e-01 4.040690e-01 1.623876e-01
-1.945598e-01 3.415370e-01 1.004407e-01
-1.804689e-01 4.139610e-01 1.398648e-01
-1.826025e-01 3.967760e-01 1.346602e-01
-1.719478e-01 4.159690e-01 1.641047e-01
-1.785875e-01 3.675930e-01 1.460463e-01
-1.894517e-01 3.384700e-01 1.164207e-01
-1.831786e-01 3.523780e-01 1.341419e-01
-1.838058e-01 3.900070e-01 1.325897e-01
-1.926438e-01 3.352910e-01 1.089254e-01
-1.759858e-01 3.838120e-01 1.569669e-01
-1.947567e-01 3.363850e-01 1.058806e-01
-1.860223e-01 3.847100e-01 1.321654e-01
-1.756235e-01 4.321880e-01 1.610908e-01
-1.745364e-01 4.274480e-01 1.644194e-01
-1.905625e-01 3.659420e-01 1.217419e-01
-1.876620e-01 3.469320e-01 1.297506e-01
-1.789006e-01 3.768810e-01 1.546501e-01
-1.751167e-01 4.002310e-01 1.654538e-01
-1.945986e-01 3.375850e-01 1.119543e-01
-1.792591e-01 4.308650e-01 1.544673e-01
-1.747814e-01 4.082890e-01 1.674662e-01
-1.852861e-01 3.549350e-01 1.386572e-01
-1.823064e-01 4.186790e-01 1.471333e-01
-1.830977e-01 3.629470e-01 1.456954e-01
-1.970740e-01 3.457620e-01 1.080578e-01
-1.973181e-01 3.410780e-01 1.076109e-01
-1.954894e-01 3.538330e-01 1.141338e-01
-1.844124e-01 4.083530e-01 1.445674e-01
-1.757214e-01 4.208750e-01 1.685379e-01
-1.913226e-01 3.435580e-01 1.258186e-01
-1.791148e-01 4.313070e-01 1.600955e-01
-1.909433e-01 3.739540e-01 1.299102e-01
-1.950761e-01 3.403330e-01 1.197384e-01
-1.880868e-01 3.924530e-01 1.403347e-01
-1.788042e-01 4.284100e-01 1.668903e-01
-1.833420e-01 4.223850e-01 1.547120e-01
-1.904511e-01 3.813700e-01 1.354426e-01
-1.778803e-01 4.130210e-01 1.719655e-01
-1.953002e-01 3.634960e-01 1.244728e-01
-1.915424e-01 3.506980e-01 1.367690e-01
-1.965862e-01 3.425880e-01 1.230688e-01
-1.793658e-01 4.239470e-01 1.706709e-01
-1.848705e-01 3.711420e-01 1.557705e-01
-1.996553e-01 3.442480e-01 1.160171e-01
-1.803507e-01 3.939210e-01 1.692135e-01
-1.986274e-01 3.422820e-01 1.192353e-01
-1.835086e-01 4.248150e-01 1.613785e-01
-1.796996e-01 4.040130e-01 1.726458e-01
-1.946700e-01 3.471370e-01 1.321062e-01
-1.953152e-01 3.694180e-01 1.307673e-01
-1.900134e-01 3.955590e-01 1.459389e-01
-1.878702e-01 4.088210e-01 1.531679e-01
-1.830823e-01 4.254740e-01 1.677291e-01
-1.928332e-01 3.531270e-01 1.409648e-01
-1.895062e-01 4.016310e-01 1.501717e-01
-2.005432e-01 3.507790e-01 1.199265e-01
-1.830689e-01 3.869860e-01 1.681471e-01
-1.909515e-01 3.583220e-01 1.465028e-01
-1.928870e-01 3.848930e-01 1.418687e-01
-1.866258e-01 4.168500e-01 1.598864e-01
-1.814095e-01 4.169730e-01 1.746646e-01
-1.828247e-01 4.243640e-01 1.708289e-01
-2.000612e-01 3.565650e-01 1.235250e-01
-1.953551e-01 3.772770e-01 1.388602e-01
-1.867370e-01 4.180750e-01 1.639842e-01
-1.905186e-01 3.644110e-01 1.536468e-01
-1.889674e-01 4.097190e-01 1.582506e-01
-1.866933e-01 3.795190e-01 1.660234e-01
-2.015399e-01 3.480170e-01 1.253115e-01
-1.828678e-01 4.083360e-01 1.768361e-01
-1.993347e-01 3.485110e-01 1.326587e-01
-1.945820e-01 3.868930e-01 1.470967e-01
-2.023256e-01 3.546760e-01 1.267943e-01
-1.858287e-01 3.893090e-01 1.725527e-01
-1.845568e-01 3.987930e-01 1.760601e-01
-1.868388e-01 4.182410e-01 1.699089e-01
-1.980114e-01 3.520760e-01 1.396198e-01
-2.007075e-01 3.636410e-01 1.325936e-01
-1.941342e-01 3.602710e-01 1.506799e-01
-1.933543e-01 3.953470e-01 1.538611e-01
-1.897238e-01 4.104930e-01 1.646507e-01
-1.852644e-01 4.112290e-01 1.780467e-01
-1.865091e-01 4.149060e-01 1.757441e-01
-1.974856e-01 3.799660e-01 1.462829e-01
-1.972158e-01 3.574160e-01 1.474713e-01
-2.002750e-01 3.692910e-01 1.391714e-01
-1.911603e-01 3.741580e-01 1.644900e-01
-1.869805e-01 4.033920e-01 1.789443e-01
-2.020708e-01 3.539570e-01 1.387067e-01
-2.034266e-01 3.592750e-01 1.354023e-01
-1.896170e-01 4.103270e-01 1.736593e-01
-1.966497e-01 3.633850e-01 1.547050e-01
-2.035690e-01 3.547780e-01 1.357342e-01
-1.908116e-01 3.820040e-01 1.712581e-01
-2.016560e-01 3.681340e-01 1.421205e-01
-1.890829e-01 3.925300e-01 1.768357e-01
-1.887310e-01 4.073790e-01 1.782887e-01
-1.987493e-01 3.814000e-01 1.522362e-01
-1.969589e-01 3.889350e-01 1.574049e-01
-2.014875e-01 3.581900e-01 1.456197e-01
-1.953243e-01 3.955640e-01 1.626322e-01
-1.960931e-01 3.705370e-01 1.623731e-01
-2.034560e-01 3.615220e-01 1.428799e-01
-1.907412e-01 3.987760e-01 1.785758e-01
-1.938380e-01 4.012440e-01 1.704092e-01
-2.006102e-01 3.623640e-01 1.519735e-01
-1.950899e-01 3.764130e-01 1.681133e-01
-1.920787e-01 4.030350e-01 1.764391e-01
-1.927145e-01 3.894840e-01 1.758884e-01
-2.017767e-01 3.732730e-01 1.521336e-01
-1.936857e-01 3.992230e-01 1.752315e-01
-1.941969e-01 3.865390e-01 1.744839e-01
-1.985366e-01 3.871440e-01 1.626921e-01
-1.935523e-01 3.947340e-01 1.767677e-01
-2.027744e-01 3.662100e-01 1.515355e-01
-2.010756e-01 3.685930e-01 1.571360e-01
-1.974889e-01 3.763490e-01 1.672663e-01
-1.975174e-01 3.906450e-01 1.684765e-01
-1.963301e-01 3.904110e-01 1.732766e-01
-2.013429e-01 3.762690e-01 1.598849e-01
-1.976347e-01 3.823660e-01 1.702833e-01
-2.000107e-01 3.758810e-01 1.639920e-01
-1.992218e-01 3.838720e-01 1.668562e-01
