1.182362e-01 3.697290e-01 1.233511e-01
1.150357e-01 3.678570e-01 1.147032e-01
1.165608e-01 3.709420e-01 1.190508e-01
1.207483e-01 3.769540e-01 1.307012e-01
1.184402e-01 3.750990e-01 1.245049e-01
1.161975e-01 3.663850e-01 1.189330e-01
1.125444e-01 3.615090e-01 1.102371e-01
1.225404e-01 3.844550e-01 1.389769e-01
1.224018e-01 3.799740e-01 1.390286e-01
1.059809e-01 3.541820e-01 9.417512e-02
1.079915e-01 3.594370e-01 9.972709e-02
1.083929e-01 3.546550e-01 1.011050e-01
1.196612e-01 3.732050e-01 1.321170e-01
1.015705e-01 3.457960e-01 8.278057e-02
1.236341e-01 3.839060e-01 1.438355e-01
1.001843e-01 3.429970e-01 7.946017e-02
1.229938e-01 3.863860e-01 1.421937e-01
1.113993e-01 3.699460e-01 1.107460e-01
1.025654e-01 3.526170e-01 8.656764e-02
9.876107e-02 3.450350e-01 7.615243e-02
1.136743e-01 3.739450e-01 1.171786e-01
1.192009e-01 3.825020e-01 1.323907e-01
1.055064e-01 3.586750e-01 9.513307e-02
1.157236e-01 3.655810e-01 1.234148e-01
1.035189e-01 3.464940e-01 9.027800e-02
6.201439e-02 2.830520e-01 -2.299161e-02
1.148153e-01 3.776170e-01 1.221024e-01
9.471962e-02 3.375630e-01 6.705991e-02
9.779208e-02 3.479070e-01 7.559413e-02
1.090064e-01 3.551570e-01 1.066678e-01
1.011612e-01 3.427330e-01 8.585174e-02
9.978999e-02 3.535820e-01 8.231912e-02
1.126106e-01 3.606330e-01 1.179112e-01
6.264685e-02 2.748320e-01 -1.924266e-02
1.240234e-01 3.875140e-01 1.494126e-01
9.289671e-02 3.410990e-01 6.428830e-02
9.719333e-02 3.377680e-01 7.639593e-02
1.218417e-01 3.804930e-01 1.444443e-01
9.380575e-02 3.337640e-01 6.836152e-02
5.980172e-02 2.917830e-01 -2.487841e-02
1.007161e-01 3.592500e-01 8.801799e-02
8.829232e-02 3.343260e-01 5.405692e-02
1.042906e-01 3.647300e-01 9.808913e-02
8.720452e-02 3.258550e-01 5.121035e-02
1.203724e-01 3.904450e-01 1.426813e-01
8.983252e-02 3.292200e-01 5.882617e-02
9.051119e-02 3.418990e-01 6.078347e-02
1.053904e-01 3.493920e-01 1.017812e-01
9.519578e-02 3.520760e-01 7.433707e-02
1.232739e-01 3.941000e-01 1.515213e-01
8.295483e-02 3.248330e-01 4.138810e-02
1.076684e-01 3.725160e-01 1.100387e-01
8.321699e-02 3.197280e-01 4.289929e-02
8.062023e-02 3.187660e-01 3.582965e-02
1.009209e-01 3.427540e-01 9.222323e-02
1.248883e-01 3.952910e-01 1.587959e-01
8.276425e-02 3.309390e-01 4.312599e-02
6.102895e-02 2.885540e-01 -1.609075e-02
6.129846e-02 2.673270e-01 -1.518035e-02
1.136233e-01 3.838890e-01 1.286335e-01
9.877757e-02 3.616540e-01 8.788534e-02
8.841311e-02 3.453030e-01 5.982941e-02
5.919926e-02 2.946590e-01 -2.041028e-02
1.048062e-01 3.702610e-01 1.049217e-01
1.081367e-01 3.552330e-01 1.142172e-01
8.498921e-02 3.204940e-01 5.063240e-02
1.095030e-01 3.779190e-01 1.181287e-01
1.175531e-01 3.737710e-01 1.404037e-01
1.153461e-01 3.875900e-01 1.345903e-01
8.513260e-02 3.399330e-01 5.160410e-02
7.768863e-02 3.227780e-01 3.128480e-02
7.869424e-02 3.132220e-01 3.417744e-02
6.189525e-02 2.807970e-01 -1.175185e-02
9.544163e-02 3.355210e-01 8.104632e-02
7.900739e-02 3.288410e-01 3.611605e-02
1.105761e-01 3.600840e-01 1.229183e-01
9.198051e-02 3.542760e-01 7.199730e-02
9.134195e-02 3.301390e-01 7.028305e-02
1.141931e-01 3.673510e-01 1.331957e-01
7.429497e-02 3.182130e-01 2.402458e-02
1.196820e-01 3.957040e-01 1.489870e-01
9.433558e-02 3.588630e-01 7.975613e-02
7.510173e-02 3.092360e-01 2.713401e-02
5.930857e-02 2.977730e-01 -1.621718e-02
1.198956e-01 3.811440e-01 1.502443e-01
8.020111e-02 3.350740e-01 4.147191e-02
8.811961e-02 3.503570e-01 6.359855e-02
1.180613e-01 3.768680e-01 1.461378e-01
7.224460e-02 3.090360e-01 2.029744e-02
6.147102e-02 2.932510e-01 -8.922704e-03
1.153607e-01 3.910790e-01 1.392833e-01
1.231708e-01 4.005420e-01 1.607412e-01
1.221302e-01 3.886800e-01 1.582250e-01
5.554099e-02 3.007090e-01 -2.470247e-02
7.928275e-02 3.119800e-01 4.101253e-02
6.878426e-02 3.090570e-01 1.218362e-02
8.751175e-02 3.250380e-01 6.366169e-02
6.039290e-02 3.004160e-01 -1.064902e-02
8.522195e-02 3.213830e-01 5.777831e-02
1.246315e-01 4.000990e-01 1.662931e-01
6.206135e-02 2.854990e-01 -5.447079e-03
6.310428e-02 2.982200e-01 -1.883429e-03
6.072324e-02 2.734150e-01 -8.388200e-03
6.188686e-02 3.034410e-01 -5.086143e-03
6.512996e-02 3.076780e-01 3.929244e-03
6.193747e-02 2.793590e-01 -4.761726e-03
6.555652e-02 3.015980e-01 5.181538e-03
7.467247e-02 3.060830e-01 3.067538e-02
9.683510e-02 3.663340e-01 9.169646e-02
1.238907e-01 3.963170e-01 1.660435e-01
8.142681e-02 3.438990e-01 4.961278e-02
1.002880e-01 3.441540e-01 1.014457e-01
6.757420e-02 3.162980e-01 1.169826e-02
6.762215e-02 3.015010e-01 1.198756e-02
8.841894e-02 3.557650e-01 6.982140e-02
1.161855e-01 3.955550e-01 1.461496e-01
5.633719e-02 3.039810e-01 -1.782198e-02
6.249146e-02 2.903490e-01 -5.857782e-04
6.982323e-02 3.241610e-01 1.980835e-02
7.383624e-02 3.327770e-01 3.117694e-02
1.112625e-01 3.890070e-01 1.340047e-01
6.451103e-02 2.962330e-01 5.790923e-03
6.256260e-02 2.843540e-01 4.778370e-04
8.834728e-02 3.267440e-01 7.187366e-02
6.874665e-02 2.998070e-01 1.812642e-02
5.780470e-02 3.070020e-01 -1.170153e-02
6.101168e-02 2.752020e-01 -2.862617e-03
6.225574e-02 3.130100e-01 8.705233e-04
1.234958e-01 4.039880e-01 1.692313e-01
7.543205e-02 3.380320e-01 3.725752e-02
1.179892e-01 4.001120e-01 1.544975e-01
5.981410e-02 3.106060e-01 -5.155033e-03
8.298394e-02 3.510250e-01 5.862406e-02
9.734694e-02 3.707970e-01 9.908400e-02
1.210774e-01 3.917850e-01 1.648607e-01
6.360787e-02 2.845200e-01 7.016907e-03
1.047052e-01 3.813100e-01 1.200761e-01
6.208918e-02 2.778740e-01 3.292318e-03
7.349141e-02 3.033640e-01 3.484213e-02
1.012324e-01 3.766600e-01 1.113904e-01
1.175660e-01 3.827310e-01 1.566065e-01
7.043518e-02 2.989050e-01 2.743078e-02
5.790578e-02 2.656890e-01 -6.925505e-03
1.193936e-01 4.041070e-01 1.621408e-01
8.991992e-02 3.634110e-01 8.130759e-02
6.856265e-02 3.301990e-01 2.265367e-02
6.414754e-02 2.900340e-01 1.068083e-02
9.929834e-02 3.449030e-01 1.075473e-01
5.929311e-02 2.713730e-01 -1.865689e-03
7.824619e-02 3.479830e-01 5.030014e-02
7.551392e-02 3.066530e-01 4.309299e-02
6.390695e-02 2.797080e-01 1.127106e-02
6.189272e-02 3.199620e-01 5.814260e-03
6.632177e-02 2.923320e-01 1.844329e-02
7.447066e-02 3.431290e-01 4.114732e-02
6.661175e-02 2.869540e-01 1.964783e-02
1.131540e-01 3.976360e-01 1.480994e-01
8.921954e-02 3.292880e-01 8.239247e-02
1.203210e-01 4.063580e-01 1.679882e-01
6.594502e-02 2.815120e-01 1.864400e-02
1.222526e-01 4.017160e-01 1.733601e-01
6.769094e-02 2.909530e-01 2.422869e-02
1.106903e-01 3.684780e-01 1.425259e-01
5.839396e-02 3.176170e-01 -8.387792e-04
6.965473e-02 2.959570e-01 3.015246e-02
4.897985e-02 3.062530e-01 -2.650918e-02
1.064573e-01 3.596580e-01 1.314891e-01
1.202125e-01 3.945300e-01 1.695036e-01
6.800505e-02 3.347170e-01 2.611742e-02
7.013303e-02 2.882430e-01 3.217407e-02
8.409521e-02 3.216040e-01 7.060280e-02
5.325597e-02 3.111590e-01 -1.398519e-02
5.559019e-02 3.143710e-01 -7.531817e-03
7.944644e-02 3.537060e-01 5.880053e-02
6.207886e-02 2.757090e-01 1.120397e-02
5.069779e-02 3.087210e-01 -2.006524e-02
1.049555e-01 3.874750e-01 1.292290e-01
1.006065e-01 3.490770e-01 1.173728e-01
7.459516e-02 2.899360e-01 4.631518e-02
7.195937e-02 2.926930e-01 3.937618e-02
6.264736e-02 3.274930e-01 1.386888e-02
7.229150e-02 3.014370e-01 4.065633e-02
7.197044e-02 2.849330e-01 3.982676e-02
7.651567e-02 2.890680e-01 5.269469e-02
7.779301e-02 3.113420e-01 5.623196e-02
6.812260e-02 2.810100e-01 2.968744e-02
8.333831e-02 3.605940e-01 7.188770e-02
5.978211e-02 2.724490e-01 7.349873e-03
6.770370e-02 3.380490e-01 2.941702e-02
1.083547e-01 3.942360e-01 1.411850e-01
8.901784e-02 3.684060e-01 8.817487e-02
5.731674e-02 2.678420e-01 1.157136e-03
9.973890e-02 3.813610e-01 1.177636e-01
7.235275e-02 3.461200e-01 4.305833e-02
9.164327e-02 3.724780e-01 9.693911e-02
7.569633e-02 2.938720e-01 5.325811e-02
7.147118e-02 2.973270e-01 4.187205e-02
6.482784e-02 2.773080e-01 2.396254e-02
7.831626e-02 2.885880e-01 6.111127e-02
9.399124e-02 3.387850e-01 1.044034e-01
7.582046e-02 2.852770e-01 5.456925e-02
1.098567e-01 3.707250e-01 1.482560e-01
1.152554e-01 4.060900e-01 1.632867e-01
6.234252e-02 2.749130e-01 1.817224e-02
5.758402e-02 3.238420e-01 5.098395e-03
7.390254e-02 3.034960e-01 5.028845e-02
7.823683e-02 2.929610e-01 6.222153e-02
8.508501e-02 3.661890e-01 8.187708e-02
9.346441e-02 3.763320e-01 1.053349e-01
8.888795e-02 3.307350e-01 9.277354e-02
8.184595e-02 3.189280e-01 7.357103e-02
7.421653e-02 2.983010e-01 5.297702e-02
1.173012e-01 4.090090e-01 1.716014e-01
1.192327e-01 4.087960e-01 1.771583e-01
7.574863e-02 3.077510e-01 5.777651e-02
1.196676e-01 4.033410e-01 1.786283e-01
5.340613e-02 3.203060e-01 -2.765568e-03
1.008300e-01 3.526550e-01 1.275429e-01
7.473077e-02 3.539700e-01 5.599334e-02
7.800171e-02 3.586070e-01 6.508521e-02
1.186222e-01 3.987460e-01 1.767014e-01
8.097007e-02 2.885830e-01 7.339826e-02
4.968757e-02 3.152480e-01 -1.252190e-02
1.055732e-01 3.630240e-01 1.411927e-01
9.526653e-02 3.800550e-01 1.131254e-01
7.914752e-02 3.143160e-01 6.900877e-02
7.919133e-02 2.852010e-01 6.945660e-02
6.297908e-02 3.371040e-01 2.502196e-02
7.654332e-02 3.088230e-01 6.261688e-02
5.335844e-02 2.602170e-01 -6.227095e-04
7.510090e-02 3.042660e-01 5.912657e-02
8.087078e-02 2.936000e-01 7.501934e-02
8.427344e-02 3.234380e-01 8.528874e-02
7.607572e-02 3.001860e-01 6.306845e-02
5.703641e-02 2.682710e-01 1.096846e-02
6.989623e-02 2.795290e-01 4.647044e-02
5.459281e-02 2.641950e-01 4.489530e-03
1.100806e-01 4.029670e-01 1.574137e-01
1.088603e-01 4.014860e-01 1.543514e-01
5.732835e-02 3.304580e-01 1.303109e-02
8.247261e-02 2.909960e-01 8.215453e-02
1.098917e-01 3.763150e-01 1.575280e-01
1.150812e-01 3.913170e-01 1.722434e-01
6.590592e-02 3.447410e-01 3.721567e-02
9.252243e-02 3.381760e-01 1.106467e-01
1.182917e-01 4.069790e-01 1.814997e-01
8.719738e-02 3.734820e-01 9.612128e-02
9.624368e-02 3.451670e-01 1.210407e-01
7.343274e-02 2.809080e-01 5.850097e-02
7.972030e-02 3.149240e-01 7.588093e-02
9.714348e-02 3.855650e-01 1.237909e-01
4.303825e-02 3.112440e-01 -2.436460e-02
7.653867e-02 3.049550e-01 6.772959e-02
7.760257e-02 3.093930e-01 7.124581e-02
6.174292e-02 2.726410e-01 2.792201e-02
8.081746e-02 2.855500e-01 8.095916e-02
8.999574e-02 3.339260e-01 1.063586e-01
7.808744e-02 3.020710e-01 7.394355e-02
8.199416e-02 3.689210e-01 8.497993e-02
8.222522e-02 2.972670e-01 8.571982e-02
5.256195e-02 3.260840e-01 4.365839e-03
7.864236e-02 3.651940e-01 7.678429e-02
7.873590e-02 2.829540e-01 7.718341e-02
1.052625e-01 3.670190e-01 1.502098e-01
9.965624e-02 3.912070e-01 1.348222e-01
1.157846e-01 3.972780e-01 1.793446e-01
9.676297e-02 3.474130e-01 1.273056e-01
7.820003e-02 3.051380e-01 7.640935e-02
8.423690e-02 3.234170e-01 9.302021e-02
7.514986e-02 3.611770e-01 6.814647e-02
1.011727e-01 3.574670e-01 1.398289e-01
8.192960e-02 2.856430e-01 8.732668e-02
9.167246e-02 3.814810e-01 1.142247e-01
8.490681e-02 2.884130e-01 9.586177e-02
7.604997e-02 2.808780e-01 7.198816e-02
7.925299e-02 3.102310e-01 8.078838e-02
1.135773e-01 4.112420e-01 1.753160e-01
7.104997e-02 3.567100e-01 5.869565e-02
4.415343e-02 3.164640e-01 -1.513401e-02
1.154796e-01 4.120970e-01 1.809103e-01
4.802386e-02 3.220420e-01 -4.107732e-03
8.553464e-02 2.943700e-01 9.899246e-02
9.304190e-02 3.401890e-01 1.199738e-01
1.104882e-01 3.839310e-01 1.686176e-01
8.712516e-02 2.911700e-01 1.047557e-01
6.663347e-02 3.517230e-01 4.850779e-02
8.083108e-02 3.046240e-01 8.796339e-02
5.635889e-02 2.673100e-01 2.088415e-02
1.016053e-01 3.962870e-01 1.453552e-01
6.713180e-02 2.753170e-01 5.076981e-02
8.862899e-02 3.316410e-01 1.099781e-01
5.145980e-02 2.609020e-01 8.119173e-03
1.065127e-01 3.734010e-01 1.594159e-01
8.590242e-02 2.860990e-01 1.029349e-01
5.362098e-02 2.641400e-01 1.433501e-02
1.158414e-01 4.036140e-01 1.855067e-01
6.214549e-02 3.463320e-01 3.804322e-02
8.242512e-02 3.178170e-01 9.382902e-02
8.515419e-02 3.764600e-01 1.018245e-01
5.453855e-02 3.349600e-01 1.782921e-02
8.679769e-02 2.954930e-01 1.064728e-01
8.118839e-02 3.116440e-01 9.124367e-02
7.111721e-02 2.774270e-01 6.385140e-02
1.091609e-01 4.082770e-01 1.684281e-01
6.055692e-02 2.700970e-01 3.519252e-02
8.227054e-02 2.831800e-01 9.523020e-02
1.152426e-01 4.115910e-01 1.860581e-01
9.422783e-02 3.877730e-01 1.283576e-01
8.998625e-02 3.831400e-01 1.180602e-01
7.693791e-02 2.800570e-01 8.233993e-02
4.735778e-02 3.255910e-01 1.097000e-03
8.223743e-02 3.096190e-01 9.717523e-02
6.277927e-02 2.712280e-01 4.404496e-02
7.877394e-02 3.709460e-01 8.808264e-02
1.029043e-01 4.006910e-01 1.547200e-01
8.903987e-02 2.892640e-01 1.168380e-01
9.537756e-02 3.465150e-01 1.345009e-01
9.080988e-02 3.359680e-01 1.220316e-01
4.244372e-02 3.196430e-01 -1.076374e-02
9.716357e-02 3.513320e-01 1.400134e-01
8.685563e-02 3.272670e-01 1.117575e-01
4.981148e-02 3.310500e-01 1.026995e-02
1.020825e-01 3.644700e-01 1.539360e-01
8.323034e-02 3.142010e-01 1.022173e-01
7.364840e-02 2.779210e-01 7.606409e-02
9.903457e-02 3.564670e-01 1.459016e-01
8.819800e-02 2.976630e-01 1.162489e-01
8.954134e-02 2.948630e-01 1.212651e-01
1.110519e-01 3.918750e-01 1.804328e-01
4.710425e-02 2.548730e-01 5.198425e-03
6.397572e-02 3.538460e-01 5.179958e-02
8.616369e-02 3.041470e-01 1.128532e-01
8.691476e-02 2.847970e-01 1.149971e-01
1.141555e-01 4.084130e-01 1.899856e-01
9.021105e-02 2.900470e-01 1.253790e-01
5.558995e-02 2.662210e-01 3.027371e-02
7.080530e-02 3.636750e-01 7.207754e-02
6.555613e-02 2.728790e-01 5.795834e-02
1.119263e-01 3.961810e-01 1.854118e-01
8.362464e-02 2.824270e-01 1.077958e-01
8.242668e-02 2.814310e-01 1.045199e-01
1.072482e-01 3.816680e-01 1.727288e-01
1.116509e-01 4.141270e-01 1.848900e-01
7.402371e-02 3.681420e-01 8.189324e-02
8.643671e-02 3.235950e-01 1.161274e-01
3.633753e-02 3.148600e-01 -2.134900e-02
6.689992e-02 3.593430e-01 6.302830e-02
5.280650e-02 2.639060e-01 2.434710e-02
1.034547e-01 4.045160e-01 1.635019e-01
7.982520e-02 3.751500e-01 9.866068e-02
9.104260e-02 3.359940e-01 1.296625e-01
8.747245e-02 3.835610e-01 1.199988e-01
9.236145e-02 3.894030e-01 1.336537e-01
4.761317e-02 2.574810e-01 1.080150e-02
5.938008e-02 3.498000e-01 4.372399e-02
4.992342e-02 2.608340e-01 1.796448e-02
5.778083e-02 2.670670e-01 3.957723e-02
7.824210e-02 2.793800e-01 9.610926e-02
9.373198e-02 3.431160e-01 1.386828e-01
1.081868e-01 4.124250e-01 1.786073e-01
5.414858e-02 3.426650e-01 3.015075e-02
8.908122e-02 2.871750e-01 1.261923e-01
9.451523e-02 3.927340e-01 1.412024e-01
5.103411e-02 3.380400e-01 2.177916e-02
4.659104e-02 3.314580e-01 1.016204e-02
6.909631e-02 2.747210e-01 7.221719e-02
8.683095e-02 3.112740e-01 1.214957e-01
9.607924e-02 3.504380e-01 1.471554e-01
7.525941e-02 3.715290e-01 9.003069e-02
9.066433e-02 2.998410e-01 1.324357e-01
4.067531e-02 3.230250e-01 -4.750445e-03
1.045231e-01 3.761960e-01 1.708554e-01
8.760330e-02 3.234120e-01 1.248010e-01
8.891552e-02 3.063250e-01 1.284341e-01
8.377653e-02 2.824860e-01 1.143798e-01
6.036247e-02 2.686630e-01 5.024789e-02
8.701306e-02 3.156990e-01 1.237169e-01
9.854563e-02 3.584970e-01 1.554024e-01
8.932530e-02 3.297990e-01 1.303355e-01
9.160640e-02 2.950800e-01 1.368653e-01
1.119799e-01 4.058810e-01 1.936165e-01
9.057373e-02 2.897360e-01 1.354338e-01
8.791120e-02 3.207870e-01 1.281711e-01
1.108342e-01 4.150710e-01 1.914142e-01
6.163392e-02 3.559570e-01 5.639503e-02
8.613561e-02 3.844590e-01 1.239631e-01
9.232580e-02 3.387170e-01 1.411281e-01
6.760307e-02 3.639810e-01 7.330801e-02
1.020248e-01 3.702400e-01 1.679334e-01
7.214428e-02 2.762280e-01 8.588991e-02
5.373652e-02 3.453540e-01 3.532736e-02
9.655794e-02 3.977590e-01 1.532810e-01
1.114410e-01 4.116460e-01 1.946599e-01
4.514485e-02 3.331430e-01 1.318327e-02
5.283370e-02 2.642380e-01 3.450286e-02
9.108049e-02 3.340110e-01 1.401381e-01
8.676098e-02 2.850520e-01 1.283754e-01
7.504986e-02 3.735200e-01 9.623950e-02
4.301851e-02 2.523970e-01 8.326761e-03
9.382068e-02 3.434780e-01 1.479818e-01
5.584572e-02 2.659480e-01 4.415933e-02
8.354331e-02 2.829330e-01 1.207583e-01
1.074487e-01 3.895010e-01 1.864625e-01
4.076989e-02 3.274590e-01 3.489565e-03
9.028158e-02 3.291600e-01 1.396516e-01
9.239939e-02 2.997220e-01 1.458379e-01
4.923432e-02 2.615700e-01 2.749306e-02
8.991155e-02 3.147070e-01 1.394907e-01
9.521248e-02 3.488940e-01 1.541723e-01
3.455038e-02 3.188850e-01 -1.224519e-02
7.795192e-02 3.772940e-01 1.070119e-01
9.198209e-02 2.940590e-01 1.457819e-01
7.085540e-02 3.699670e-01 8.776464e-02
9.098932e-02 3.108910e-01 1.435548e-01
7.859505e-02 2.800310e-01 1.096872e-01
1.031040e-01 4.102000e-01 1.770775e-01
9.010344e-02 3.229230e-01 1.413989e-01
8.737888e-02 3.875350e-01 1.339504e-01
4.759669e-02 3.394650e-01 2.500498e-02
6.124988e-02 2.701390e-01 6.284738e-02
1.001002e-01 3.667680e-01 1.696124e-01
9.195703e-02 3.076490e-01 1.475668e-01
9.735581e-02 3.574670e-01 1.624400e-01
4.364213e-02 2.553630e-01 1.487521e-02
8.770910e-02 2.866730e-01 1.360532e-01
4.468614e-02 3.354450e-01 1.787645e-02
7.436414e-02 2.777720e-01 9.954894e-02
8.993323e-02 2.897660e-01 1.427695e-01
5.067390e-02 3.446820e-01 3.491779e-02
8.998108e-02 3.911690e-01 1.430184e-01
6.495636e-02 2.726620e-01 7.489691e-02
9.657289e-02 4.010140e-01 1.623929e-01
6.880574e-02 2.748660e-01 8.619593e-02
3.535682e-02 3.219190e-01 -5.691858e-03
8.149147e-02 3.819780e-01 1.211547e-01
9.306970e-02 3.398740e-01 1.532283e-01
9.197061e-02 3.334830e-01 1.504711e-01
5.412669e-02 3.504980e-01 4.677079e-02
4.005019e-02 3.297050e-01 8.321455e-03
1.082393e-01 4.153100e-01 1.958395e-01
1.059967e-01 4.153650e-01 1.897551e-01
9.131803e-02 3.186300e-01 1.496916e-01
6.587737e-02 3.662700e-01 7.997621e-02
1.043648e-01 3.834080e-01 1.861552e-01
9.159674e-02 3.264970e-01 1.515479e-01
5.811611e-02 3.567350e-01 5.981086e-02
8.278646e-02 2.837290e-01 1.276446e-01
9.022536e-02 2.913700e-01 1.482404e-01
1.080770e-01 4.000650e-01 1.973522e-01
5.453169e-02 2.660040e-01 5.052505e-02
9.444642e-02 3.464260e-01 1.605081e-01
4.349330e-02 2.570130e-01 2.108090e-02
1.062417e-01 3.920830e-01 1.934932e-01
6.210038e-02 3.627770e-01 7.275337e-02
9.323710e-02 3.064790e-01 1.583286e-01
3.549627e-02 3.243570e-01 -3.130204e-04
1.009810e-01 3.728310e-01 1.796696e-01
9.297865e-02 3.005820e-01 1.580387e-01
9.068403e-02 3.942110e-01 1.522595e-01
2.835440e-02 3.148480e-01 -1.885689e-02
9.262570e-02 3.335390e-01 1.579217e-01
7.171402e-02 3.737540e-01 1.010481e-01
4.915092e-02 2.629400e-01 3.909360e-02
9.633329e-02 3.557100e-01 1.692143e-01
9.240451e-02 3.209320e-01 1.584602e-01
9.872787e-02 3.656620e-01 1.763309e-01
8.438696e-02 3.867100e-01 1.369697e-01
9.658790e-02 4.041620e-01 1.707418e-01
6.002765e-02 2.706370e-01 7.033348e-02
9.914084e-02 4.085700e-01 1.778084e-01
9.376041e-02 3.425240e-01 1.634583e-01
1.075352e-01 4.077870e-01 2.013320e-01
8.564580e-02 2.874050e-01 1.414664e-01
9.077837e-02 2.954160e-01 1.560809e-01
6.807346e-02 3.708140e-01 9.383251e-02
4.568543e-02 2.606810e-01 3.260924e-02
1.016067e-01 4.132380e-01 1.866347e-01
6.607118e-02 2.744830e-01 8.921179e-02
1.018877e-01 3.789410e-01 1.877622e-01
4.217051e-02 3.377040e-01 2.432071e-02
9.335598e-02 3.147710e-01 1.650042e-01
3.028496e-02 3.192940e-01 -8.084323e-03
4.299829e-02 2.583240e-01 2.706770e-02
5.436074e-02 2.672250e-01 5.841556e-02
7.726764e-02 2.817330e-01 1.214846e-01
9.297617e-02 3.304790e-01 1.646712e-01
8.178510e-02 2.850820e-01 1.341866e-01
4.715234e-02 3.454520e-01 3.909877e-02
3.696246e-02 2.493720e-01 1.140506e-02
9.345716e-02 3.071510e-01 1.668980e-01
7.076288e-02 2.777300e-01 1.049661e-01
7.384156e-02 2.797510e-01 1.137677e-01
8.570771e-02 3.895350e-01 1.464221e-01
9.169646e-02 2.996460e-01 1.634816e-01
3.487175e-02 3.273990e-01 7.777208e-03
1.059090e-01 4.134380e-01 2.030431e-01
6.065476e-02 3.642660e-01 7.889041e-02
9.326077e-02 3.264630e-01 1.686199e-01
6.012533e-02 2.717860e-01 7.788379e-02
7.576544e-02 3.792810e-01 1.209195e-01
9.935822e-02 3.713120e-01 1.857679e-01
9.543001e-02 3.530590e-01 1.753275e-01
3.857805e-02 3.340320e-01 1.927321e-02
5.646248e-02 3.594670e-01 6.845045e-02
6.321509e-02 3.673720e-01 8.701545e-02
1.030888e-01 3.875990e-01 1.967652e-01
9.035297e-02 3.969250e-01 1.618542e-01
9.372526e-02 3.397210e-01 1.721699e-01
9.741151e-02 3.635940e-01 1.824956e-01
3.742999e-02 2.530690e-01 1.806533e-02
7.868497e-02 3.824930e-01 1.315824e-01
4.806311e-02 2.640760e-01 4.751748e-02
1.040388e-01 3.951510e-01 2.015567e-01
1.046625e-01 4.010390e-01 2.037706e-01
3.051736e-02 3.225020e-01 9.267276e-04
6.644274e-02 3.712990e-01 9.973595e-02
9.226032e-02 3.039390e-01 1.712593e-01
5.425181e-02 2.688710e-01 6.705728e-02
6.979358e-02 3.745790e-01 1.100854e-01
9.386471e-02 3.163370e-01 1.763531e-01
9.993193e-02 3.769660e-01 1.933626e-01
9.368449e-02 3.355600e-01 1.762256e-01
9.430238e-02 3.460600e-01 1.779882e-01
8.517827e-02 3.907180e-01 1.530373e-01
1.034116e-01 4.159140e-01 2.031608e-01
4.692881e-02 3.487320e-01 4.843588e-02
6.064812e-02 2.732150e-01 8.623443e-02
1.042582e-01 4.089280e-01 2.064723e-01
8.482438e-02 2.912130e-01 1.530907e-01
7.241710e-02 2.810820e-01 1.196322e-01
7.531205e-02 2.833500e-01 1.277591e-01
4.367258e-02 2.620770e-01 4.121034e-02
9.274724e-02 3.078570e-01 1.760696e-01
9.213192e-02 4.030520e-01 1.753492e-01
7.300908e-02 3.781020e-01 1.229548e-01
1.010197e-01 4.160080e-01 2.002964e-01
6.177818e-02 3.677970e-01 9.258632e-02
3.873943e-02 3.381460e-01 2.936511e-02
8.948927e-02 2.999650e-01 1.689165e-01
3.682783e-02 2.554010e-01 2.456100e-02
8.541822e-02 2.934850e-01 1.582196e-01
9.398198e-02 3.417370e-01 1.821036e-01
1.003090e-01 3.824720e-01 1.994870e-01
6.207159e-02 2.750410e-01 9.492793e-02
8.714247e-02 2.964250e-01 1.642699e-01
9.404665e-02 3.243780e-01 1.835016e-01
4.758601e-02 2.658460e-01 5.614248e-02
3.318504e-02 3.299600e-01 1.660395e-02
5.434261e-02 3.602240e-01 7.474626e-02
4.054162e-02 3.417200e-01 3.695810e-02
7.912154e-02 2.878170e-01 1.436260e-01
8.028925e-02 2.890340e-01 1.471648e-01
9.801031e-02 3.715200e-01 1.958901e-01
9.370057e-02 3.163500e-01 1.842994e-01
9.510490e-02 3.542550e-01 1.881980e-01
6.446645e-02 2.772320e-01 1.043099e-01
9.533193e-02 4.107780e-01 1.891368e-01
5.744030e-02 3.640750e-01 8.504282e-02
2.039335e-02 3.117370e-01 -1.652967e-02
2.934032e-02 3.242080e-01 8.509164e-03
3.282682e-02 2.520230e-01 1.835395e-02
2.306398e-02 3.151710e-01 -8.024340e-03
9.438099e-02 3.482220e-01 1.880504e-01
6.726278e-02 2.797930e-01 1.139361e-01
7.649059e-02 3.822630e-01 1.393418e-01
1.011621e-01 3.960060e-01 2.074816e-01
9.395528e-02 3.396060e-01 1.877860e-01
1.002003e-01 3.880880e-01 2.050769e-01
7.946624e-02 3.856200e-01 1.482156e-01
7.325679e-02 3.791920e-01 1.314703e-01
4.736041e-02 3.528460e-01 6.068829e-02
9.635176e-02 3.642230e-01 1.961065e-01
3.031118e-02 2.496830e-01 1.491180e-02
6.918786e-02 2.821030e-01 1.218018e-01
3.763612e-02 2.592000e-01 3.514195e-02
6.818802e-02 3.748050e-01 1.195676e-01
1.010492e-01 4.023710e-01 2.099210e-01
9.212630e-02 3.118780e-01 1.855754e-01
8.248095e-02 3.901940e-01 1.592326e-01
8.964217e-02 3.054150e-01 1.789481e-01
8.841449e-02 4.003930e-01 1.757171e-01
6.158365e-02 3.690190e-01 1.021978e-01
5.480363e-02 2.724540e-01 8.379535e-02
9.395078e-02 3.347550e-01 1.913760e-01
9.641876e-02 4.142630e-01 1.983143e-01
4.778223e-02 2.678880e-01 6.477916e-02
7.294058e-02 2.863370e-01 1.351617e-01
9.793231e-02 3.778810e-01 2.043913e-01
5.057175e-02 3.578460e-01 7.434952e-02
9.381482e-02 3.257140e-01 1.932114e-01
2.382925e-02 3.179200e-01 1.218040e-03
1.001733e-01 4.108810e-01 2.117717e-01
2.947566e-02 3.276840e-01 1.785910e-02
3.369167e-02 3.348150e-01 2.956297e-02
9.287228e-02 3.190210e-01 1.927783e-01
4.001093e-02 2.636380e-01 4.830291e-02
3.997877e-02 3.446770e-01 4.825474e-02
9.416423e-02 3.494090e-01 1.971559e-01
5.403428e-02 3.621850e-01 8.709747e-02
5.611740e-02 2.747340e-01 9.284548e-02
8.626376e-02 3.021770e-01 1.760396e-01
9.504625e-02 3.585650e-01 2.002620e-01
8.208501e-02 2.957010e-01 1.648891e-01
9.363643e-02 3.353770e-01 1.968736e-01
8.311909e-02 3.932190e-01 1.684377e-01
9.608007e-02 3.684990e-01 2.044679e-01
7.913418e-02 2.934720e-01 1.581752e-01
4.197938e-02 3.480770e-01 5.611790e-02
9.364996e-02 3.420650e-01 1.981095e-01
9.811420e-02 3.899220e-01 2.109248e-01
2.439185e-02 3.202810e-01 8.794471e-03
6.017546e-02 2.786020e-01 1.073594e-01
9.727701e-02 3.815610e-01 2.093229e-01
4.785629e-02 2.703390e-01 7.376300e-02
4.403613e-02 3.512170e-01 6.341239e-02
2.963082e-02 2.542310e-01 2.391137e-02
3.679884e-02 3.411200e-01 4.363315e-02
5.799253e-02 2.773380e-01 1.019921e-01
2.531832e-02 2.459810e-01 1.319363e-02
6.108704e-02 3.694270e-01 1.118628e-01
3.110294e-02 2.566260e-01 2.996726e-02
9.078049e-02 4.093960e-01 1.941277e-01
8.908013e-02 3.117630e-01 1.897186e-01
9.098822e-02 3.176390e-01 1.951989e-01
9.683231e-02 4.148540e-01 2.112554e-01
1.773544e-02 3.115370e-01 -6.049076e-03
9.264864e-02 3.280880e-01 2.001162e-01
7.058543e-02 3.780980e-01 1.396803e-01
9.426051e-02 3.564160e-01 2.048197e-01
4.051262e-02 2.662160e-01 5.717642e-02
4.562072e-02 3.538040e-01 7.153829e-02
6.721183e-02 3.749110e-01 1.310293e-01
8.237528e-02 2.997350e-01 1.728110e-01
7.411230e-02 2.925400e-01 1.505814e-01
2.558923e-02 2.510530e-01 1.802843e-02
6.328278e-02 3.714440e-01 1.218254e-01
3.503965e-02 2.621360e-01 4.429294e-02
9.176538e-02 4.123310e-01 2.007913e-01
4.866455e-02 2.728070e-01 8.239746e-02
5.534411e-02 3.644570e-01 1.011850e-01
4.772048e-02 3.566330e-01 8.027944e-02
6.219419e-02 2.835460e-01 1.200982e-01
1.883373e-02 3.137410e-01 1.123823e-03
9.352112e-02 4.144080e-01 2.063628e-01
6.936262e-02 2.904850e-01 1.401207e-01
5.053506e-02 3.597220e-01 8.846968e-02
3.116645e-02 2.587410e-01 3.536299e-02
7.432358e-02 3.825310e-01 1.539486e-01
9.695511e-02 4.018780e-01 2.163785e-01
8.585844e-02 3.084320e-01 1.860327e-01
3.037722e-02 3.331000e-01 3.390209e-02
1.410697e-02 3.079760e-01 -1.067956e-02
9.246148e-02 3.402350e-01 2.051878e-01
8.275877e-02 3.035170e-01 1.787399e-01
2.607208e-02 3.261100e-01 2.304700e-02
6.493392e-02 2.875960e-01 1.303195e-01
9.548816e-02 3.829910e-01 2.142913e-01
8.253244e-02 3.961250e-01 1.786958e-01
9.475897e-02 3.726100e-01 2.123281e-01
9.398890e-02 3.633170e-01 2.105552e-01
9.058403e-02 3.244460e-01 2.019234e-01
7.790726e-02 2.980030e-01 1.671591e-01
8.042263e-02 3.009900e-01 1.743728e-01
9.564742e-02 3.916030e-01 2.162551e-01
5.007172e-02 2.755680e-01 9.118212e-02
3.299625e-02 3.380870e-01 4.474034e-02
2.042229e-02 3.169490e-01 1.020603e-02
9.278544e-02 3.510380e-01 2.090870e-01
3.567025e-02 2.652160e-01 5.262467e-02
8.849684e-02 3.183360e-01 1.983979e-01
3.522840e-02 3.416820e-01 5.218617e-02
7.553652e-02 3.850760e-01 1.633798e-01
7.462901e-02 2.969610e-01 1.609111e-01
9.454836e-02 4.136380e-01 2.157719e-01
3.856139e-02 3.464810e-01 6.227651e-02
5.719077e-02 3.662960e-01 1.139732e-01
8.492723e-02 3.112350e-01 1.902989e-01
9.519278e-02 4.042300e-01 2.187659e-01
5.141969e-02 2.784660e-01 9.935303e-02
4.959621e-02 3.593010e-01 9.509382e-02
9.437458e-02 4.105660e-01 2.183315e-01
1.628227e-02 3.117030e-01 3.997066e-03
4.133671e-02 2.713690e-01 7.308381e-02
6.582029e-02 2.937870e-01 1.415352e-01
3.640255e-02 2.679820e-01 6.080327e-02
6.807226e-02 3.765200e-01 1.482229e-01
4.197599e-02 3.512300e-01 7.662903e-02
2.299974e-02 2.550690e-01 2.488460e-02
7.781637e-02 3.033340e-01 1.755971e-01
6.505275e-02 3.734180e-01 1.405973e-01
5.295194e-02 2.816610e-01 1.073753e-01
9.185673e-02 4.141270e-01 2.143055e-01
6.158004e-02 3.701290e-01 1.312786e-01
8.523330e-02 3.162220e-01 1.964878e-01
8.941859e-02 3.321260e-01 2.080671e-01
9.031674e-02 3.384650e-01 2.105347e-01
6.166455e-02 2.906850e-01 1.318784e-01
7.810675e-02 3.909860e-01 1.773279e-01
2.415411e-02 3.255520e-01 2.957004e-02
8.732369e-02 4.100980e-01 2.033217e-01
9.050236e-02 3.443970e-01 2.128583e-01
8.379404e-02 4.034770e-01 1.945972e-01
1.243304e-02 3.071760e-01 -1.385180e-03
4.253679e-02 2.743810e-01 8.152192e-02
6.869469e-02 2.982200e-01 1.534551e-01
7.500643e-02 3.861180e-01 1.708891e-01
8.026526e-02 3.097550e-01 1.855724e-01
5.639568e-02 3.654530e-01 1.199913e-01
9.452306e-03 3.041940e-01 -8.669448e-03
8.749309e-02 3.262670e-01 2.057860e-01
2.444438e-02 2.584810e-01 3.265377e-02
2.042782e-02 3.193490e-01 2.189334e-02
2.878667e-02 2.631530e-01 4.558203e-02
3.728610e-02 2.709180e-01 6.896184e-02
9.090467e-02 3.567820e-01 2.164074e-01
7.375142e-02 3.030370e-01 1.694523e-01
9.157166e-02 3.684610e-01 2.185304e-01
1.758715e-02 3.146520e-01 1.570755e-02
3.303512e-02 3.404350e-01 5.870045e-02
1.764835e-02 2.493250e-01 1.651833e-02
1.911647e-02 2.532480e-01 2.066935e-02
3.839405e-02 3.475410e-01 7.380708e-02
4.978578e-02 3.594620e-01 1.052354e-01
9.165711e-02 3.783960e-01 2.205014e-01
2.676466e-02 3.310920e-01 4.266813e-02
4.361060e-02 3.533610e-01 8.972742e-02
5.474516e-02 2.881620e-01 1.204121e-01
4.341416e-02 2.775810e-01 8.929586e-02
8.488089e-02 3.225060e-01 2.032495e-01
3.480110e-02 3.431370e-01 6.595914e-02
3.099623e-02 2.673010e-01 5.551770e-02
9.154616e-02 3.876200e-01 2.222078e-01
6.277135e-02 2.976080e-01 1.434370e-01
6.955664e-02 3.790130e-01 1.622772e-01
2.883251e-02 3.346450e-01 5.041329e-02
5.288805e-02 2.869070e-01 1.165331e-01
5.910183e-02 3.676100e-01 1.338432e-01
3.826003e-02 2.741510e-01 7.701341e-02
8.354142e-03 3.029340e-01 -4.364520e-03
8.769440e-02 4.122170e-01 2.137014e-01
4.524968e-02 2.809040e-01 9.765083e-02
8.967762e-02 4.115150e-01 2.197403e-01
3.313754e-02 2.706070e-01 6.459546e-02
6.606679e-02 3.020240e-01 1.550956e-01
9.063612e-02 4.060090e-01 2.226765e-01
9.093254e-02 3.962910e-01 2.235188e-01
7.569065e-02 3.897990e-01 1.820344e-01
8.103754e-02 3.179660e-01 1.968577e-01
8.727195e-02 3.383290e-01 2.141967e-01
5.568080e-02 2.924810e-01 1.278734e-01
7.375120e-02 3.105160e-01 1.784668e-01
8.952629e-02 3.674780e-01 2.219413e-01
1.237720e-02 3.075680e-01 1.040850e-02
6.231267e-02 3.703720e-01 1.480932e-01
7.054512e-02 3.813440e-01 1.710793e-01
8.406596e-02 3.277350e-01 2.083202e-01
8.793249e-02 3.489580e-01 2.189434e-01
2.613240e-02 2.659400e-01 4.917378e-02
2.113492e-02 3.228680e-01 3.578626e-02
5.006886e-02 3.589860e-01 1.156492e-01
3.414959e-02 2.739050e-01 7.220182e-02
6.870271e-02 3.081290e-01 1.672408e-01
8.167769e-02 4.044430e-01 2.029016e-01
5.661932e-02 2.965060e-01 1.341841e-01
1.620276e-02 3.138390e-01 2.314049e-02
8.852285e-03 3.027340e-01 3.328318e-03
3.987857e-02 2.794230e-01 8.872990e-02
5.793183e-02 3.657850e-01 1.385007e-01
1.664313e-02 2.570090e-01 2.556149e-02
4.474788e-02 2.844950e-01 1.031185e-01
3.122056e-02 3.389970e-01 6.630777e-02
3.728731e-02 3.465110e-01 8.301620e-02
7.696868e-02 3.178300e-01 1.922252e-01
3.861944e-03 2.996240e-01 -8.528834e-03
2.818731e-02 3.347470e-01 5.843431e-02
6.308108e-02 3.055040e-01 1.545297e-01
5.953681e-02 3.025170e-01 1.453696e-01
8.768595e-02 3.608070e-01 2.228540e-01
4.681515e-02 2.880640e-01 1.108775e-01
5.342919e-02 3.612660e-01 1.292595e-01
1.746567e-02 3.167070e-01 3.064826e-02
8.470768e-02 3.375170e-01 2.154065e-01
1.996032e-02 2.624340e-01 3.755480e-02
7.758887e-02 3.967510e-01 1.958879e-01
3.532449e-02 2.774360e-01 7.985709e-02
2.145219e-02 2.645230e-01 4.237662e-02
6.919294e-02 3.133540e-01 1.737904e-01
4.867480e-02 2.910810e-01 1.174976e-01
8.299399e-02 4.082890e-01 2.127867e-01
5.148996e-02 2.950970e-01 1.262456e-01
1.266253e-02 2.546350e-01 2.001294e-02
7.148900e-02 3.843950e-01 1.816497e-01
5.749163e-03 2.985610e-01 1.139119e-03
8.743615e-02 3.731800e-01 2.259646e-01
7.774282e-02 3.233100e-01 1.994776e-01
8.780584e-02 3.877780e-01 2.271379e-01
6.729520e-02 3.772000e-01 1.714311e-01
4.286535e-02 3.518380e-01 1.044682e-01
3.762529e-02 3.467450e-01 9.035858e-02
6.212025e-02 3.102400e-01 1.579607e-01
1.625569e-02 2.610510e-01 3.196122e-02
2.471327e-02 3.299140e-01 5.519822e-02
2.498140e-02 2.712790e-01 5.605540e-02
2.876571e-02 2.744790e-01 6.659791e-02
6.369445e-02 3.717120e-01 1.627585e-01
7.109972e-02 3.187580e-01 1.832897e-01
8.581168e-02 4.073410e-01 2.239082e-01
4.553281e-02 3.537530e-01 1.135456e-01
1.999847e-02 3.221780e-01 4.354819e-02
5.400898e-02 3.023050e-01 1.372261e-01
6.842763e-02 3.176300e-01 1.768935e-01
3.910610e-02 3.481450e-01 9.643834e-02
3.566947e-02 2.819160e-01 8.711677e-02
5.814638e-02 3.082230e-01 1.491991e-01
7.928236e-02 3.287140e-01 2.074921e-01
7.748329e-03 3.003990e-01 1.107448e-02
1.140863e-02 3.065420e-01 2.118359e-02
8.146188e-02 3.341170e-01 2.137831e-01
6.014612e-02 3.668360e-01 1.553359e-01
8.594711e-02 4.017580e-01 2.266715e-01
8.351564e-02 4.085490e-01 2.202290e-01
3.023717e-02 3.377980e-01 7.409787e-02
6.488114e-02 3.170260e-01 1.694513e-01
2.708241e-02 3.335810e-01 6.567739e-02
2.089851e-02 2.699180e-01 4.894986e-02
5.652457e-02 3.621810e-01 1.473445e-01
4.758289e-02 3.545270e-01 1.229103e-01
7.259835e-02 3.883690e-01 1.916922e-01
8.262066e-02 3.415710e-01 2.192808e-01
3.634079e-02 2.846390e-01 9.215573e-02
1.350317e-03 2.945100e-01 -3.942719e-03
5.413784e-02 3.065340e-01 1.412999e-01
8.560773e-03 2.500020e-01 1.622314e-02
8.356794e-02 3.481070e-01 2.223963e-01
1.323827e-02 3.099040e-01 2.932469e-02
4.948362e-02 3.007390e-01 1.295259e-01
2.513178e-03 2.936210e-01 4.880142e-04
5.930732e-02 3.141330e-01 1.567017e-01
2.975596e-02 2.798530e-01 7.557483e-02
6.705028e-02 3.771880e-01 1.780927e-01
5.288777e-02 3.581560e-01 1.393267e-01
7.304459e-02 3.263520e-01 1.947318e-01
6.385692e-02 3.717420e-01 1.699770e-01
7.758704e-02 4.003160e-01 2.078300e-01
8.428328e-02 3.603180e-01 2.264904e-01
8.514834e-02 3.942660e-01 2.290401e-01
4.056611e-02 2.908850e-01 1.066040e-01
7.536425e-02 3.297010e-01 2.027363e-01
6.948122e-02 3.821830e-01 1.867829e-01
3.195396e-02 3.397250e-01 8.370228e-02
6.834499e-02 3.247990e-01 1.838588e-01
8.770728e-03 3.018030e-01 2.026949e-02
1.063076e-02 2.603620e-01 2.550038e-02
5.910329e-02 3.644960e-01 1.587950e-01
4.909889e-02 3.541740e-01 1.316356e-01
1.430790e-02 2.657530e-01 3.611610e-02
4.337586e-02 2.957480e-01 1.159920e-01
2.468917e-02 2.776910e-01 6.488556e-02
1.714361e-02 3.174510e-01 4.445708e-02
5.305806e-02 3.114860e-01 1.437646e-01
6.460644e-02 3.242290e-01 1.755831e-01
8.258938e-02 3.536720e-01 2.250958e-01
7.360600e-02 3.918920e-01 2.008745e-01
8.009432e-02 4.048430e-01 2.188864e-01
3.789037e-02 3.452390e-01 1.030093e-01
2.015889e-02 3.227320e-01 5.488560e-02
2.108344e-02 2.767510e-01 5.759569e-02
3.555974e-02 3.431970e-01 9.760689e-02
1.544019e-02 2.707600e-01 4.252661e-02
8.366958e-02 3.768170e-01 2.300626e-01
2.477456e-02 3.298280e-01 6.851244e-02
6.181381e-03 2.964670e-01 1.762582e-02
4.533869e-02 3.026200e-01 1.252745e-01
6.380103e-02 3.711460e-01 1.760519e-01
1.957973e-03 2.904130e-01 6.167308e-03
6.071053e-02 3.243190e-01 1.676813e-01
6.656534e-02 3.764340e-01 1.837796e-01
5.462904e-02 3.173450e-01 1.510498e-01
4.878442e-02 3.092060e-01 1.352143e-01
2.847594e-02 3.348490e-01 7.949753e-02
5.956896e-02 3.640830e-01 1.650824e-01
8.167344e-02 4.034180e-01 2.259839e-01
3.881879e-03 2.925100e-01 1.229354e-02
7.030749e-02 3.328790e-01 1.949663e-01
1.485918e-02 3.131590e-01 4.267588e-02
4.236656e-02 3.474170e-01 1.184093e-01
1.760180e-02 2.754580e-01 5.039652e-02
7.914612e-02 3.412400e-01 2.196735e-01
-1.116328e-03 2.891700e-01 -6.758148e-04
7.408713e-02 3.352570e-01 2.059563e-01
8.291159e-02 3.722730e-01 2.302415e-01
8.320138e-02 3.866630e-01 2.310501e-01
3.173686e-02 2.893750e-01 8.992741e-02
5.540304e-02 3.578160e-01 1.550424e-01
2.218261e-02 2.806010e-01 6.385036e-02
3.382369e-02 2.916980e-01 9.645186e-02
2.927927e-02 2.881240e-01 8.400632e-02
6.846452e-02 3.805830e-01 1.916669e-01
6.163718e-02 3.288670e-01 1.730387e-01
2.658192e-02 2.858350e-01 7.685802e-02
3.675494e-02 2.944930e-01 1.048452e-01
7.456163e-02 3.948740e-01 2.087337e-01
5.231540e-02 3.535400e-01 1.479526e-01
7.606517e-02 3.381510e-01 2.132323e-01
8.153326e-02 3.606840e-01 2.282805e-01
8.190161e-02 3.983290e-01 2.293728e-01
5.589802e-02 3.241100e-01 1.579934e-01
4.482272e-02 3.069590e-01 1.276045e-01
6.712157e-02 3.345770e-01 1.891728e-01
1.171229e-02 3.065890e-01 3.706683e-02
6.393732e-03 2.630000e-01 2.253455e-02
7.737140e-02 3.399800e-01 2.175564e-01
4.416222e-02 3.470000e-01 1.265529e-01
8.213957e-03 2.664290e-01 2.781054e-02
4.482886e-03 2.586340e-01 1.775723e-02
1.059136e-02 2.703820e-01 3.468533e-02
7.914228e-02 3.473410e-01 2.232622e-01
6.402509e-02 3.340360e-01 1.818609e-01
5.777630e-02 3.291430e-01 1.649675e-01
3.717902e-02 2.977390e-01 1.085222e-01
4.155971e-02 3.042450e-01 1.206507e-01
5.157085e-02 3.214760e-01 1.482209e-01
1.322457e-02 2.755470e-01 4.289322e-02
3.832988e-02 3.426650e-01 1.118818e-01
2.970297e-02 3.351170e-01 8.824447e-02
1.672580e-02 3.160350e-01 5.260236e-02
2.452587e-02 3.284920e-01 7.427076e-02
2.049508e-02 3.223870e-01 6.359170e-02
4.625896e-02 3.463620e-01 1.349675e-01
2.248181e-02 2.863620e-01 6.977316e-02
6.120339e-02 3.651980e-01 1.761722e-01
1.622466e-02 2.807840e-01 5.263428e-02
7.005073e-02 3.396360e-01 2.005573e-01
7.568909e-02 3.972950e-01 2.163915e-01
6.668290e-03 2.943700e-01 2.685108e-02
4.220141e-03 2.899410e-01 2.022989e-02
4.749677e-02 3.185920e-01 1.392241e-01
7.818702e-02 4.007420e-01 2.235573e-01
6.041812e-02 3.359810e-01 1.748674e-01
5.493788e-02 3.545440e-01 1.600484e-01
5.358440e-02 3.298030e-01 1.563576e-01
6.433820e-02 3.709460e-01 1.859034e-01
-7.515498e-04 2.840560e-01 7.148016e-03
-2.333406e-03 2.841630e-01 3.157194e-03
1.780924e-03 2.855450e-01 1.451374e-02
1.862342e-02 2.856770e-01 6.127317e-02
5.635986e-02 3.354700e-01 1.650737e-01
1.022268e-02 3.012070e-01 3.839005e-02
4.854364e-02 3.457160e-01 1.436760e-01
8.044899e-02 3.921170e-01 2.313754e-01
3.457461e-02 3.380140e-01 1.054293e-01
6.184098e-03 2.729690e-01 2.743935e-02
8.004742e-02 3.667420e-01 2.304297e-01
7.503268e-02 3.429120e-01 2.168094e-01
7.145446e-02 3.875520e-01 2.070184e-01
3.181870e-03 2.682080e-01 1.950593e-02
1.381944e-02 2.829670e-01 4.888998e-02
6.495039e-02 3.419370e-01 1.894885e-01
9.264032e-03 2.791760e-01 3.667686e-02
4.355230e-02 3.160350e-01 1.310283e-01
6.685983e-02 3.760010e-01 1.954576e-01
3.278105e-02 2.995520e-01 1.018794e-01
3.692509e-02 3.386780e-01 1.133207e-01
5.087390e-02 3.330240e-01 1.517498e-01
2.462133e-02 3.271310e-01 7.964615e-02
5.484332e-02 3.390400e-01 1.628503e-01
5.159993e-02 3.460690e-01 1.540195e-01
2.363978e-02 2.930930e-01 7.723980e-02
7.233490e-02 3.898110e-01 2.110285e-01
5.128695e-03 2.865410e-01 2.643352e-02
2.858297e-02 2.970460e-01 9.089832e-02
3.958312e-02 3.392990e-01 1.211735e-01
-7.569910e-04 2.811160e-01 1.040484e-02
2.614365e-02 2.953700e-01 8.431374e-02
1.370335e-02 3.080440e-01 5.013430e-02
3.615178e-03 2.764400e-01 2.259029e-02
3.781962e-02 3.074950e-01 1.165662e-01
1.101348e-02 2.846220e-01 4.295713e-02
5.533628e-02 3.526760e-01 1.647454e-01
9.452705e-03 2.957230e-01 3.885121e-02
7.845646e-02 3.974950e-01 2.284653e-01
7.092932e-03 2.835880e-01 3.246047e-02
4.843298e-02 3.410270e-01 1.460660e-01
5.136730e-02 3.401590e-01 1.541435e-01
5.773499e-02 3.431920e-01 1.717560e-01
6.914372e-02 3.453840e-01 2.032989e-01
4.845160e-02 3.358400e-01 1.465404e-01
4.631315e-02 3.279440e-01 1.407300e-01
3.999512e-02 3.132050e-01 1.233837e-01
4.266990e-04 2.628250e-01 1.469817e-02
1.601995e-02 3.123460e-01 5.756498e-02
5.436506e-02 3.444860e-01 1.629822e-01
6.125847e-02 3.629510e-01 1.819217e-01
3.081649e-02 3.331340e-01 9.842822e-02
6.318947e-02 3.461410e-01 1.874650e-01
4.208967e-02 3.382440e-01 1.295462e-01
3.194270e-04 2.757260e-01 1.481125e-02
1.493929e-02 2.896130e-01 5.501606e-02
7.827652e-02 3.610200e-01 2.290615e-01
9.876874e-03 2.900510e-01 4.114736e-02
4.508573e-02 3.372660e-01 1.379354e-01
4.291776e-02 3.204770e-01 1.319913e-01
1.839566e-02 3.163790e-01 6.490782e-02
1.242323e-02 2.906550e-01 4.877367e-02
1.802086e-02 2.924040e-01 6.416848e-02
3.363736e-02 3.043510e-01 1.071394e-01
6.384104e-02 3.670440e-01 1.906361e-01
6.563436e-02 3.486380e-01 1.955756e-01
7.914142e-02 3.842080e-01 2.326859e-01
1.288083e-02 3.019810e-01 5.067661e-02
7.497397e-02 3.478170e-01 2.214059e-01
7.184776e-02 3.471070e-01 2.129217e-01
7.689372e-02 3.552670e-01 2.268008e-01
2.217799e-02 3.217910e-01 7.650768e-02
5.912037e-02 3.509110e-01 1.780987e-01
-5.583536e-04 2.507630e-01 1.418530e-02
1.449891e-02 3.065210e-01 5.556716e-02
3.590763e-02 3.344960e-01 1.145447e-01
2.695643e-02 3.277310e-01 9.025425e-02
1.371810e-02 2.967570e-01 5.391002e-02
6.316425e-02 3.514850e-01 1.899198e-01
6.609502e-02 3.717200e-01 1.980122e-01
4.221561e-02 3.298880e-01 1.324566e-01
6.249005e-02 3.623340e-01 1.883424e-01
1.608941e-02 2.967270e-01 6.100288e-02
6.163102e-02 3.580920e-01 1.864827e-01
7.549980e-02 3.945340e-01 2.246116e-01
3.609189e-02 3.135750e-01 1.163794e-01
-3.981031e-03 2.777930e-01 6.292334e-03
-1.839616e-03 2.668500e-01 1.219127e-02
1.503230e-02 3.028450e-01 5.875657e-02
6.862993e-02 3.506980e-01 2.060149e-01
2.062604e-02 2.993600e-01 7.416539e-02
3.879099e-02 3.217320e-01 1.243482e-01
2.955871e-02 3.290030e-01 9.904755e-02
1.677376e-02 3.091340e-01 6.393354e-02
1.872121e-02 3.136860e-01 6.940462e-02
3.854456e-02 3.303650e-01 1.238936e-01
2.948045e-02 3.061510e-01 9.900246e-02
6.571201e-02 3.539990e-01 1.985880e-01
6.372271e-02 3.568500e-01 1.931904e-01
7.286073e-02 3.892330e-01 2.184916e-01
3.237214e-02 3.299560e-01 1.073829e-01
7.042130e-02 3.828420e-01 2.119345e-01
2.435061e-02 3.034580e-01 8.540883e-02
2.686914e-02 3.050870e-01 9.235624e-02
1.725023e-02 3.031850e-01 6.601812e-02
3.522472e-02 3.303220e-01 1.155602e-01
7.780191e-02 3.759410e-01 2.325555e-01
6.483896e-02 3.630490e-01 1.971378e-01
2.377370e-02 3.211570e-01 8.448185e-02
3.551330e-02 3.182980e-01 1.167887e-01
-3.622492e-03 2.714750e-01 9.276317e-03
1.896405e-02 3.093340e-01 7.193788e-02
3.263207e-02 3.146940e-01 1.095152e-01
3.497212e-02 3.262670e-01 1.161823e-01
6.626320e-02 3.591560e-01 2.021940e-01
3.505838e-02 3.222930e-01 1.165892e-01
2.898225e-02 3.251610e-01 1.000002e-01
2.232393e-02 3.167920e-01 8.172210e-02
2.166397e-02 3.090610e-01 8.024869e-02
2.472340e-02 3.097290e-01 8.886450e-02
7.610333e-02 3.895260e-01 2.302676e-01
3.178316e-02 3.221910e-01 1.086812e-01
2.605842e-02 3.200850e-01 9.299279e-02
6.945301e-02 3.557820e-01 2.122710e-01
2.667939e-02 3.130100e-01 9.480393e-02
2.363096e-02 3.147970e-01 8.654891e-02
2.875243e-02 3.214510e-01 1.008301e-01
2.899670e-02 3.178340e-01 1.015909e-01
7.388939e-02 3.557440e-01 2.253558e-01
6.845171e-02 3.724610e-01 2.104684e-01
7.230259e-02 3.537910e-01 2.211783e-01
7.642895e-02 3.829060e-01 2.325432e-01
7.067547e-02 3.562080e-01 2.172609e-01
-4.469309e-03 2.586600e-01 1.140476e-02
6.990950e-02 3.766560e-01 2.159041e-01
7.345216e-02 3.860250e-01 2.260453e-01
7.126001e-02 3.806170e-01 2.201676e-01
6.900120e-02 3.641430e-01 2.139894e-01
7.433610e-02 3.622750e-01 2.287766e-01
7.438280e-02 3.683040e-01 2.296155e-01
7.450959e-02 3.808850e-01 2.308444e-01
7.440441e-02 3.753500e-01 2.308582e-01
7.140167e-02 3.627050e-01 2.227133e-01
7.039061e-02 3.702950e-01 2.205780e-01
7.259915e-02 3.771540e-01 2.271866e-01
-8.526341e-03 2.665270e-01 6.925294e-03
