txt
0.281754 0.13494 -0.148513
0.281852 0.1509 -0.148513
0.283751 0.1509 -0.164474
0.283769 0.166861 -0.164474
0.287 0.13494 -0.164474
0.287137 0.166861 -0.148513
0.287684 0.118979 -0.159514
0.287684 0.132346 -0.164474
0.287684 0.13494 -0.165997
0.287684 0.144806 -0.132553
0.287684 0.1509 -0.174237
0.287684 0.1509 -0.135816
0.287684 0.166861 -0.177225
0.287684 0.166861 -0.147765
0.287684 0.167523 -0.148513
0.287684 0.1759 -0.164474
0.289528 0.166861 -0.180435
0.290446 0.118979 -0.164474
0.290648 0.1509 -0.180435
0.291575 0.1509 -0.132553
0.292946 0.103018 -0.164474
0.294262 0.13494 -0.180435
0.296527 0.166861 -0.196396
0.298442 0.1509 -0.196396
0.298604 0.118979 -0.180435
0.30189 0.13494 -0.196396
0.302633 0.103018 -0.180435
0.303644 0.0870574 -0.175405
0.303644 0.0993795 -0.180435
0.303644 0.103018 -0.182143
0.303644 0.118979 -0.191141
0.303644 0.127263 -0.196396
0.303644 0.13494 -0.199734
0.303644 0.1509 -0.204187
0.303644 0.1509 -0.127655
0.303644 0.157659 -0.132553
0.303644 0.166861 -0.207291
0.303644 0.166861 -0.140564
0.303644 0.173285 -0.148513
0.303644 0.177361 -0.196396
0.303644 0.180132 -0.164474
0.303644 0.180477 -0.180435
0.305621 0.118979 -0.196396
0.307193 0.0870574 -0.180435
0.307278 0.13494 -0.116592
0.307898 0.1509 -0.212356
0.308831 0.13494 -0.212356
0.310633 0.103018 -0.196396
0.313155 0.118979 -0.212356
0.315984 0.166861 -0.148513
0.318553 0.1509 -0.132553
0.319325 0.103018 -0.212356
0.319605 0.0754253 -0.180435
0.319605 0.0870574 -0.195757
0.319605 0.0876046 -0.196396
0.319605 0.102593 -0.212356
0.319605 0.103018 -0.212738
0.319605 0.118979 -0.220977
0.319605 0.126893 -0.116592
0.319605 0.13494 -0.226392
0.319605 0.13494 -0.122766
0.319605 0.149318 -0.132553
0.319605 0.1509 -0.227143
0.319605 0.1509 -0.133809
0.319605 0.159686 -0.212356
0.319605 0.162642 -0.148513
0.319605 0.166861 -0.199341
0.319605 0.166861 -0.158403
0.319605 0.168364 -0.196396
0.319605 0.168834 -0.164474
0.319605 0.171069 -0.180435
0.320153 0.0870574 -0.196396
0.321149 0.166861 -0.196396
0.321825 0.166861 -0.164474
0.324301 0.166861 -0.180435
0.325881 0.118979 -0.228317
0.326376 0.118979 -0.116592
0.3295 0.13494 -0.132553
0.329874 0.1509 -0.148513
0.331776 0.1509 -0.212356
0.334605 0.1509 -0.164474
0.335197 0.1509 -0.196396
0.335566 0.0761721 -0.180435
0.335566 0.0822629 -0.196396
0.335566 0.0870574 -0.205674
0.335566 0.0913898 -0.212356
0.335566 0.103018 -0.22601
0.335566 0.106023 -0.116592
0.335566 0.106207 -0.228317
0.335566 0.118979 -0.233196
0.335566 0.118979 -0.132134
0.335566 0.119665 -0.132553
0.335566 0.130405 -0.228317
0.335566 0.13494 -0.2234
0.335566 0.13494 -0.142672
0.335566 0.140273 -0.148513
0.335566 0.144794 -0.212356
0.335566 0.149121 -0.164474
0.335566 0.150349 -0.196396
0.335566 0.1509 -0.192906
0.335566 0.1509 -0.170889
0.335566 0.151799 -0.180435
0.335805 0.118979 -0.132553
0.336187 0.1509 -0.180435
0.338199 0.13494 -0.148513
0.340973 0.103018 -0.132553
0.341828 0.13494 -0.212356
0.343651 0.13494 -0.164474
0.343989 0.118979 -0.148513
0.344703 0.118979 -0.228317
0.345188 0.0870574 -0.132553
0.34583 0.13494 -0.196396
0.346005 0.13494 -0.180435
0.34663 0.0870574 -0.148513
0.347217 0.103018 -0.148513
0.347292 0.0870574 -0.196396
0.349078 0.0870574 -0.164474
0.349624 0.118979 -0.212356
0.350127 0.0870574 -0.180435
0.350233 0.118979 -0.164474
0.35095 0.103018 -0.212356
0.351527 0.0893369 -0.180435
0.351527 0.0927395 -0.196396
0.351527 0.0929683 -0.164474
0.351527 0.103018 -0.210321
0.351527 0.103018 -0.159519
0.351527 0.115554 -0.164474
0.351527 0.118979 -0.203019
0.351527 0.118979 -0.168915
0.351527 0.121445 -0.196396
0.351527 0.123496 -0.180435
0.352432 0.118979 -0.196396
0.35314 0.118979 -0.180435
0.353168 0.103018 -0.164474
0.355241 0.103018 -0.196396
0.355979 0.103018 -0.180435
