txt
-0.0221717 -0.31196 0.266465
-0.0211094 -0.31196 0.250504
-0.0196708 -0.327921 0.266465
-0.0187385 -0.296 0.234543
-0.0184714 -0.296 0.218583
-0.0182275 -0.296 0.250504
-0.0180347 -0.296 0.202622
-0.0180029 -0.327921 0.282426
-0.0171956 -0.31196 0.234543
-0.0162679 -0.296 0.186661
-0.0157096 -0.280039 0.170701
-0.0155697 -0.334351 0.282426
-0.0155697 -0.333496 0.266465
-0.0155697 -0.327921 0.258083
-0.0155697 -0.327921 0.285313
-0.0155697 -0.322995 0.250504
-0.0155697 -0.315131 0.282426
-0.0155697 -0.314826 0.234543
-0.0155697 -0.31196 0.225237
-0.0155697 -0.31196 0.279927
-0.0155697 -0.309282 0.218583
-0.0155697 -0.304068 0.202622
-0.0155697 -0.298951 0.266465
-0.0155697 -0.297535 0.186661
-0.0155697 -0.296 0.183246
-0.0155697 -0.296 0.259548
-0.0155697 -0.294412 0.186661
-0.0155697 -0.292521 0.250504
-0.0155697 -0.289135 0.234543
-0.0155697 -0.285905 0.218583
-0.0155697 -0.283081 0.170701
-0.0155697 -0.282337 0.202622
-0.0155697 -0.280039 0.169639
-0.0155697 -0.280039 0.172016
-0.0155697 -0.277057 0.170701
-0.015271 -0.280039 0.186661
-0.0146998 -0.232157 0.138779
-0.0144495 -0.31196 0.218583
-0.0142524 -0.248117 0.138779
-0.0138714 -0.264078 0.15474
-0.0132024 -0.280039 0.202622
-0.0128443 -0.280039 0.15474
-0.0125721 -0.296 0.170701
-0.0120269 -0.264078 0.138779
-0.0116499 -0.31196 0.202622
-0.0106408 -0.296 0.266465
-0.0106369 -0.264078 0.170701
-0.00901987 -0.280039 0.218583
-0.00851214 -0.248117 0.15474
-0.00477604 -0.31196 0.186661
-0.00105801 -0.280039 0.138779
0.000390955 -0.335677 0.266465
0.000390955 -0.334628 0.282426
0.000390955 -0.327921 0.251072
0.000390955 -0.327921 0.286058
0.000390955 -0.327682 0.250504
0.000390955 -0.323773 0.234543
0.000390955 -0.321655 0.218583
0.000390955 -0.319214 0.202622
0.000390955 -0.314366 0.186661
0.000390955 -0.312226 0.282426
0.000390955 -0.31196 0.18122
0.000390955 -0.31196 0.282173
0.000390955 -0.307142 0.170701
0.000390955 -0.296 0.154834
0.000390955 -0.296 0.268168
0.000390955 -0.295916 0.15474
0.000390955 -0.294735 0.266465
0.000390955 -0.285928 0.250504
0.000390955 -0.281356 0.234543
0.000390955 -0.280958 0.138779
0.000390955 -0.280039 0.137809
0.000390955 -0.280039 0.229755
0.000390955 -0.27619 0.218583
0.000390955 -0.270534 0.202622
0.000390955 -0.266811 0.122819
0.000390955 -0.264469 0.186661
0.000390955 -0.264078 0.185818
0.000390955 -0.253894 0.170701
0.000390955 -0.248117 0.163697
0.000390955 -0.237888 0.15474
0.000390955 -0.232157 0.15124
0.000693321 -0.296 0.15474
0.00458156 -0.296 0.266465
0.00498649 -0.327921 0.282426
0.0102785 -0.327921 0.266465
0.0145355 -0.31196 0.266465
0.0161096 -0.296 0.250504
0.0163171 -0.280039 0.218583
0.0163517 -0.317964 0.218583
0.0163517 -0.317706 0.234543
0.0163517 -0.317047 0.202622
0.0163517 -0.316918 0.250504
0.0163517 -0.313363 0.186661
0.0163517 -0.31196 0.182896
0.0163517 -0.31196 0.258538
0.0163517 -0.307257 0.170701
0.0163517 -0.296626 0.15474
0.0163517 -0.296414 0.250504
0.0163517 -0.296 0.153917
0.0163517 -0.296 0.249756
0.0163517 -0.287365 0.234543
0.0163517 -0.282175 0.138779
0.0163517 -0.280064 0.218583
0.0163517 -0.280039 0.136221
0.0163517 -0.280039 0.218522
0.0163517 -0.271862 0.202622
0.0163517 -0.269115 0.122819
0.0163517 -0.264555 0.186661
0.0163517 -0.264078 0.185681
0.0163517 -0.252832 0.170701
0.0163517 -0.248117 0.16489
0.0163517 -0.236195 0.15474
0.0163517 -0.232157 0.151941
0.0178489 -0.296 0.15474
0.0181647 -0.31196 0.250504
0.018877 -0.31196 0.186661
0.0202328 -0.31196 0.234543
0.0212045 -0.280039 0.138779
0.0217392 -0.296 0.234543
0.0219829 -0.31196 0.218583
0.0225683 -0.31196 0.202622
0.0251232 -0.280039 0.202622
0.0260321 -0.296 0.218583
0.0268999 -0.264078 0.122819
0.0278581 -0.248117 0.15474
0.0286666 -0.264078 0.170701
0.0289217 -0.296 0.170701
0.0290614 -0.296 0.202622
0.0303615 -0.280039 0.186661
0.0304703 -0.296 0.186661
0.0307727 -0.280039 0.15474
0.0313924 -0.264078 0.138779
0.0322248 -0.264078 0.15474
0.0323124 -0.283081 0.170701
0.0323124 -0.280039 0.164869
0.0323124 -0.280039 0.174427
0.0323124 -0.275858 0.170701
0.0323124 -0.260621 0.138779
0.0323124 -0.257817 0.122819
0.0323124 -0.248117 0.144046
0.0323124 -0.232157 0.140038
0.0324942 -0.280039 0.170701
0.0342217 -0.248117 0.138779
