txt
-0.0133057 0.191668 -0.0159214
-0.0158582 0.199016 -0.0225789
-0.0202678 0.203832 -0.0301342
-0.0246748 0.205849 -0.0374164
-0.017133 0.187358 -0.00971648
-0.0297837 0.206738 -0.0425027
-0.0198049 0.198939 -0.0146382
-0.0230233 0.205853 -0.0201688
-0.0199842 0.193132 -0.00997763
-0.0347747 0.205573 -0.0505246
-0.0184321 0.178836 -0.00545072
-0.0264114 0.209491 -0.0270709
-0.0303942 0.210261 -0.0341115
-0.0217029 0.187745 -0.00576173
-0.024193 0.204168 -0.0123686
-0.0354985 0.209346 -0.0411685
-0.0241256 0.198608 -0.0077654
-0.0293142 0.213295 -0.0180262
-0.0389782 0.209449 -0.0429186
-0.0370132 0.212737 -0.035759
-0.0244907 0.171939 -0.00101374
-0.0328717 0.216069 -0.0239353
-0.0426368 0.206764 -0.0494765
-0.0287885 0.210274 -0.00994258
-0.0260721 0.182189 -0.0007831
-0.0283478 0.203288 -0.00424878
-0.0378426 0.216618 -0.0296127
-0.0433782 0.210487 -0.0429154
-0.0282002 0.195446 -0.00120164
-0.0351955 0.220524 -0.0157808
-0.0296352 0.169293 0.00104704
-0.0297622 0.188145 0.00184124
-0.0339332 0.218894 -0.00927551
-0.0300059 0.174105 0.0017493
-0.0495523 0.205411 -0.0512835
-0.0447742 0.216248 -0.0347635
-0.0475247 0.212891 -0.0402968
-0.0329867 0.209525 -0.000261417
-0.0401882 0.223676 -0.0191265
-0.0345218 0.216903 -0.00308571
-0.0499862 0.209215 -0.0453759
-0.0327568 0.184737 0.00453797
-0.0334502 0.202084 0.00360612
-0.0336093 0.178257 0.00442938
-0.035013 0.166344 0.00261204
-0.03901 0.225893 -0.00815961
-0.0342762 0.192523 0.00600177
-0.0464885 0.222583 -0.0265254
-0.0566747 0.202781 -0.0525655
-0.0379759 0.221711 0.000109773
-0.0520782 0.214861 -0.0382808
-0.0422445 0.228535 -0.0111175
-0.0377595 0.21632 0.00430671
-0.0510909 0.220166 -0.0317309
-0.0566669 0.20727 -0.0465258
-0.0373122 0.184137 0.00829442
-0.038456 0.173403 0.00610055
-0.0481419 0.228144 -0.0190408
-0.04167 0.228841 -0.000326223
-0.0405272 0.163906 0.00377422
-0.0389233 0.209874 0.00925913
-0.0389283 0.200365 0.0110591
-0.0577572 0.212984 -0.0398048
-0.0404707 0.181584 0.010121
-0.0621939 0.202445 -0.0484479
-0.0413126 0.191192 0.0131559
-0.0435627 0.169782 0.0073166
-0.0467213 0.2351 -0.000468857
-0.0626605 0.206666 -0.0439184
-0.0582084 0.221379 -0.0311488
-0.0510468 0.23467 -0.0106291
-0.046285 0.161681 0.00437237
-0.0602233 0.219217 -0.0331347
-0.0426309 0.198203 0.0154501
-0.0447554 0.226803 0.0111639
-0.0457679 0.231867 0.0083945
-0.0440188 0.219736 0.0141085
-0.0448509 0.178789 0.0121497
-0.0588514 0.22617 -0.0261184
-0.0638745 0.212397 -0.0381306
-0.0439985 0.206138 0.0170957
-0.0672098 0.200633 -0.0450734
-0.0494381 0.165068 0.00747388
-0.0531478 0.240006 -0.00171913
-0.0498919 0.23864 0.00902725
-0.0528221 0.156903 0.00257983
-0.0467915 0.216405 0.019701
-0.0545587 0.151976 -0.000350957
-0.0501883 0.172611 0.0122217
-0.047602 0.192923 0.0195511
-0.064193 0.226289 -0.0258875
-0.066207 0.219626 -0.0310792
-0.0487358 0.228097 0.0183158
-0.0687993 0.21044 -0.0367295
-0.0596112 0.239185 -0.0095792
-0.0493389 0.188162 0.0193404
-0.0508838 0.236134 0.0163576
-0.0728905 0.193166 -0.0438948
-0.0542854 0.243388 0.00795832
-0.0534196 0.242767 0.0106789
-0.0622666 0.237542 -0.0132207
-0.059188 0.242244 -0.00414461
-0.0722622 0.204322 -0.0379099
-0.0570861 0.160209 0.00583656
-0.0755418 0.183895 -0.0447908
-0.0552256 0.167187 0.0110537
-0.0600471 0.151427 -0.00207494
-0.0506144 0.222153 0.0240252
-0.0590936 0.156456 0.00264781
-0.0581991 0.245848 0.00523714
-0.0531495 0.182091 0.0194523
-0.0544765 0.241755 0.0184225
-0.0752954 0.198076 -0.0383696
-0.0518154 0.20376 0.0263646
-0.0686795 0.234177 -0.0182208
-0.0773439 0.176211 -0.0411982
-0.0542929 0.238329 0.0222261
-0.0673848 0.238644 -0.013336
-0.0525669 0.210942 0.0280199
-0.0774154 0.188013 -0.0396856
-0.0536789 0.194957 0.0256217
-0.0527634 0.215971 0.0281635
-0.0538527 0.231667 0.0259465
-0.0568746 0.175811 0.0182221
-0.073102 0.222362 -0.0262573
-0.0783083 0.183465 -0.0392993
-0.0763516 0.163289 -0.0334766
-0.0718694 0.230514 -0.0209646
-0.0776398 0.168569 -0.0358593
-0.0674464 0.152614 -0.0071826
-0.0596356 0.169625 0.014882
-0.0600178 0.249188 0.0142394
-0.0645383 0.156962 0.00277907
-0.0761912 0.215005 -0.0290266
-0.062295 0.163613 0.0100728
-0.0761093 0.160311 -0.0277239
-0.0584827 0.246639 0.0213753
-0.0678166 0.24609 -0.00378305
-0.0794114 0.192949 -0.0352714
-0.0798209 0.176755 -0.0354371
-0.0785696 0.205883 -0.0314861
-0.0656352 0.250217 0.00498407
-0.0743209 0.156605 -0.0188404
-0.0676177 0.248643 0.000339031
-0.0688268 0.156129 -0.00141887
-0.0726733 0.155554 -0.0116845
-0.0585053 0.189992 0.0274389
-0.0569213 0.229024 0.0318829
-0.056537 0.211576 0.0329518
-0.0812514 0.18441 -0.034188
-0.0604217 0.248634 0.0240795
-0.0583499 0.237632 0.0305867
-0.0797724 0.167578 -0.0279951
-0.0595319 0.244537 0.0276416
-0.0755626 0.236479 -0.0155743
-0.0586112 0.20045 0.032353
-0.0747554 0.241614 -0.0109904
-0.0616557 0.182155 0.0251715
-0.0635678 0.252893 0.021469
-0.0674265 0.253757 0.0109332
-0.0826755 0.17767 -0.0301088
-0.064481 0.174747 0.021116
-0.0720504 0.158843 0.00123919
-0.0696116 0.161923 0.00845257
-0.0800599 0.164047 -0.0199122
-0.0674639 0.167876 0.0155363
-0.0823913 0.170939 -0.0251212
-0.0752468 0.158788 -0.00538688
-0.0666291 0.255519 0.0189733
-0.0834723 0.203432 -0.0272107
-0.0747745 0.248481 -0.00330056
-0.0783089 0.160681 -0.0122882
-0.0811909 0.22574 -0.0199435
-0.082745 0.217145 -0.0228333
-0.0645178 0.18401 0.0282184
-0.0628612 0.246201 0.0331772
-0.0637507 0.249702 0.0312065
-0.0807866 0.235432 -0.0147317
-0.0612934 0.226042 0.0389306
-0.0672273 0.176134 0.0235344
-0.0860141 0.194042 -0.0270697
-0.0701156 0.257731 0.0170187
-0.0621753 0.209751 0.0390839
-0.062078 0.218592 0.0401926
-0.064026 0.196276 0.0350771
-0.0627359 0.235049 0.0388845
-0.0749732 0.254582 0.00538136
-0.0675057 0.256378 0.0278961
-0.0818916 0.243363 -0.00885543
-0.0863086 0.212788 -0.0208727
-0.079315 0.251264 -0.000974339
-0.0766992 0.162728 0.00647533
-0.0881801 0.187269 -0.0246475
-0.0839718 0.166544 -0.0129275
-0.0650493 0.243065 0.0391273
-0.0740686 0.259497 0.0153854
-0.0796904 0.162651 0.00109633
-0.0864064 0.223587 -0.0172111
-0.0725893 0.172539 0.0216187
-0.0764582 0.258561 0.0110415
-0.0766165 0.164646 0.0111586
-0.0885529 0.203977 -0.0213864
-0.0681991 0.191498 0.0353895
-0.0871549 0.172582 -0.0165729
-0.0727368 0.261139 0.0232248
-0.0759933 0.167042 0.0153289
-0.0865899 0.233785 -0.0127334
-0.0689897 0.255199 0.0362803
-0.090495 0.192655 -0.0221743
-0.0672602 0.205466 0.0423201
-0.0903746 0.181623 -0.0191358
-0.0848423 0.166195 -0.00380445
-0.0766248 0.170365 0.0198249
-0.0745342 0.263207 0.0258446
-0.089721 0.21966 -0.0152367
-0.0851029 0.251034 -0.00177317
-0.0728938 0.261798 0.031771
-0.0905224 0.212069 -0.0158348
-0.0678262 0.23259 0.0467983
-0.0729673 0.184763 0.0332123
-0.0720227 0.25996 0.0358206
-0.0839092 0.165617 0.00362275
-0.0712402 0.193608 0.0387989
-0.0925125 0.189907 -0.0195016
-0.0926386 0.197195 -0.0192831
-0.0883232 0.24301 -0.00699287
-0.0764671 0.17724 0.0275532
-0.0908191 0.230305 -0.0112735
-0.0915734 0.176606 -0.0127284
-0.0899707 0.171931 -0.00808837
-0.0828927 0.167008 0.0122127
-0.083358 0.261169 0.0111445
-0.0936037 0.204653 -0.0157565
-0.0923756 0.218252 -0.0118695
-0.0718789 0.251893 0.0453385
-0.0708178 0.242423 0.0486217
-0.0705673 0.220621 0.0503749
-0.086636 0.258501 0.00634462
-0.0714591 0.213673 0.0493445
-0.0831795 0.169301 0.0174451
-0.0754185 0.261892 0.0417521
-0.0781731 0.266913 0.0347096
-0.0743116 0.202458 0.0462919
-0.0949618 0.210619 -0.010405
-0.0936663 0.240304 -0.00539917
-0.0750173 0.258097 0.0459173
-0.0916475 0.17136 0.000357339
-0.0966319 0.186809 -0.0130348
-0.0829755 0.268402 0.0247619
-0.0920806 0.251659 -7.00067e-05
-0.0960774 0.181291 -0.00976277
-0.0804124 0.182299 0.0339469
-0.0735088 0.238151 0.0534399
-0.0745974 0.250792 0.0506067
-0.0733704 0.230029 0.0540175
-0.0980528 0.194532 -0.0135604
-0.094842 0.17599 -0.00465985
-0.0845461 0.173539 0.0241931
-0.0957993 0.226425 -0.00622526
-0.0858317 0.268002 0.0212789
-0.0922223 0.257544 0.00499584
-0.0878255 0.266976 0.0183642
-0.0953617 0.248345 -0.000764116
-0.0967294 0.235806 -0.00432456
-0.096748 0.219528 -0.00399456
-0.0794212 0.195902 0.0451353
-0.0999024 0.203152 -0.0107159
-0.0811172 0.269253 0.0412644
-0.0897392 0.171654 0.0187849
-0.0850019 0.272248 0.0323921
-0.0825578 0.186899 0.0392124
-0.0761901 0.233705 0.0573647
-0.0836041 0.271891 0.0380463
-0.0967912 0.1749 0.00318214
-0.0813703 0.268274 0.0459322
-0.0990568 0.215792 -0.00233269
-0.0771732 0.225131 0.0578313
-0.0805211 0.265377 0.0490406
-0.0953403 0.172709 0.00890355
-0.101194 0.210687 -0.00473519
-0.0937826 0.172288 0.015681
-0.0805615 0.20559 0.0524263
-0.0794961 0.21241 0.0555507
-0.101644 0.185801 -0.00489176
-0.0998243 0.246252 0.00135562
-0.0836524 0.194259 0.0459979
-0.088867 0.178759 0.0317628
-0.0943676 0.267823 0.0171759
-0.100846 0.180334 8.65473e-05
-0.10343 0.193089 -0.00698718
-0.0921582 0.174819 0.024679
-0.0999414 0.25377 0.0045698
-0.101329 0.229765 0.00337204
-0.0811053 0.219651 0.0601338
-0.086107 0.273478 0.0470622
-0.102246 0.239687 0.00325852
-0.0941811 0.273193 0.0254833
-0.0889082 0.276188 0.0402201
-0.0905898 0.183027 0.0374009
-0.0819544 0.245745 0.0628879
-0.0934389 0.178653 0.0314922
-0.0818954 0.229697 0.0634836
-0.0827196 0.252455 0.0620212
-0.101514 0.262458 0.0113164
-0.0848378 0.265836 0.0571348
-0.105021 0.215022 0.00172135
-0.107138 0.206785 -0.00370041
-0.107655 0.201722 -0.00427897
-0.0937225 0.277413 0.0343541
-0.10445 0.244329 0.00582837
-0.107252 0.19086 -0.000518701
-0.102597 0.177109 0.0126534
-0.0853675 0.263224 0.0603327
-0.104506 0.226429 0.00852703
-0.101641 0.268108 0.0168043
-0.104651 0.179291 0.00996615
-0.105679 0.221021 0.00749863
-0.108529 0.212172 0.000772104
-0.0890783 0.274584 0.0544355
-0.107619 0.18606 0.00416552
-0.100725 0.273431 0.0233965
-0.0939499 0.187711 0.0435224
-0.105891 0.235364 0.0109654
-0.102061 0.177436 0.0223292
-0.0947071 0.280528 0.0429272
-0.086339 0.224595 0.0661814
-0.0856983 0.239572 0.0679808
-0.106975 0.254429 0.00981234
-0.0919637 0.198199 0.0529227
-0.0995647 0.179989 0.0321441
-0.0876389 0.261147 0.0651469
-0.0973444 0.18364 0.0389018
-0.111337 0.198727 0.000640181
-0.0896919 0.210636 0.0612678
-0.1051 0.178453 0.0196824
-0.0930409 0.279634 0.052855
-0.107639 0.228663 0.0138921
-0.0913772 0.205738 0.0586881
-0.107884 0.262041 0.0138231
-0.107964 0.236049 0.0150103
-0.103178 0.179534 0.0282234
-0.107243 0.267266 0.0172275
-0.0899335 0.21609 0.0649156
-0.108899 0.244635 0.0141748
-0.0956158 0.282068 0.0508809
-0.0898816 0.219805 0.0668984
-0.10954 0.223978 0.0134139
-0.0968344 0.192464 0.0493465
-0.0892128 0.248953 0.0710757
-0.111344 0.219656 0.0107579
-0.104883 0.278639 0.0296382
-0.111236 0.184669 0.012578
-0.0997761 0.18763 0.0444586
-0.110898 0.254621 0.0144674
-0.115497 0.21101 0.00402737
-0.115787 0.205517 0.00395151
-0.0908781 0.233726 0.072468
-0.113886 0.190664 0.0094111
-0.100864 0.284821 0.0455185
-0.11097 0.182503 0.0181202
-0.0942033 0.275048 0.0650541
-0.109218 0.274329 0.024368
-0.103696 0.184924 0.0402471
-0.111084 0.232977 0.0203576
-0.11234 0.260322 0.0170781
-0.115904 0.216307 0.00899514
-0.112104 0.247869 0.019987
-0.109777 0.18207 0.0268792
-0.105184 0.284476 0.0395914
-0.0939535 0.267636 0.0706829
-0.117103 0.198748 0.00806565
-0.11263 0.267993 0.0208146
-0.11318 0.227297 0.0197391
-0.112155 0.241755 0.0227112
-0.0978895 0.28203 0.0621428
-0.0997967 0.285263 0.0573102
-0.0954742 0.272878 0.0694361
-0.0933814 0.241618 0.0757383
-0.118561 0.211563 0.00684687
-0.114066 0.256961 0.0198804
-0.108346 0.184303 0.0369907
-0.112327 0.277056 0.0272881
-0.116632 0.222025 0.0167612
-0.0952404 0.259586 0.0760461
-0.10359 0.195268 0.0541434
-0.0999946 0.208725 0.0650612
-0.0964653 0.227646 0.0748104
-0.10233 0.200616 0.0591434
-0.110874 0.284961 0.0377205
-0.104743 0.289173 0.0547892
-0.0999224 0.281562 0.0682826
-0.0966303 0.249745 0.0792863
-0.11569 0.25177 0.0269324
-0.097223 0.261624 0.0777762
-0.117195 0.266734 0.0249157
-0.0997402 0.220273 0.0729633
-0.121267 0.218473 0.0141878
-0.107246 0.194323 0.0537078
-0.116583 0.233152 0.0282536
-0.11589 0.239219 0.0301971
-0.109278 0.289837 0.0484547
-0.117294 0.274192 0.0275886
-0.123156 0.205828 0.0118757
-0.117889 0.26102 0.0270956
-0.0985099 0.243363 0.0805631
-0.119491 0.1886 0.0230757
-0.099218 0.235126 0.0792093
-0.123646 0.21566 0.0121198
-0.11856 0.229063 0.0266057
-0.112148 0.289033 0.0442752
-0.115521 0.283672 0.0350883
-0.105219 0.28936 0.0639976
-0.124369 0.212023 0.0115129
-0.0991262 0.252421 0.0815517
-0.102879 0.216192 0.0719777
-0.121867 0.192472 0.0200175
-0.120624 0.226204 0.0248658
-0.110413 0.292245 0.0538152
-0.11999 0.188115 0.0281467
-0.124183 0.199029 0.016916
-0.100935 0.237083 0.0811813
-0.105103 0.28705 0.0708231
-0.117705 0.187737 0.0364604
-0.118488 0.248124 0.0360313
-0.119767 0.234683 0.032899
-0.119689 0.281106 0.0332185
-0.110915 0.2939 0.0591661
-0.104039 0.227463 0.079136
-0.107806 0.209385 0.0689289
-0.108211 0.291564 0.0684335
-0.102962 0.264139 0.0841449
-0.12138 0.264326 0.0338823
-0.11369 0.19548 0.0556958
-0.120595 0.284859 0.0370395
-0.122262 0.273886 0.0325519
-0.103496 0.258744 0.0856357
-0.122514 0.270453 0.0334744
-0.121026 0.239338 0.0379197
-0.120609 0.253608 0.0390901
-0.103908 0.244975 0.0852509
-0.106395 0.283332 0.078827
-0.120188 0.288739 0.0414186
-0.120733 0.246094 0.0406564
-0.111761 0.295113 0.0656868
-0.10507 0.269793 0.0849782
-0.108324 0.219481 0.0766277
-0.112077 0.2057 0.0670537
-0.128781 0.221298 0.0222113
-0.130631 0.212108 0.0172871
-0.123997 0.279983 0.0355145
-0.106931 0.232398 0.0831376
-0.125135 0.230543 0.0335436
-0.125046 0.191511 0.0338546
-0.114475 0.201301 0.0630275
-0.11846 0.194187 0.0533035
-0.122012 0.191281 0.0448974
-0.107466 0.276354 0.0853347
-0.127959 0.194259 0.0291772
-0.114798 0.297423 0.0681236
-0.125378 0.286029 0.0399478
-0.132325 0.206406 0.021189
-0.123399 0.252498 0.0458305
-0.1075 0.253174 0.0896713
-0.111978 0.292683 0.0777511
-0.119784 0.196842 0.0574474
-0.123654 0.294385 0.0483002
-0.126576 0.2363 0.0412164
-0.132061 0.200288 0.0261744
-0.110021 0.23793 0.0873459
-0.109133 0.265449 0.0908774
-0.109512 0.246447 0.0899282
-0.125127 0.247392 0.0473293
-0.125812 0.291849 0.0454596
-0.12116 0.298619 0.0582416
-0.130942 0.226216 0.0315103
-0.127073 0.273439 0.0427036
-0.124357 0.194387 0.0517057
-0.109949 0.255046 0.0918306
-0.118956 0.300418 0.0684624
-0.128511 0.28023 0.0423681
-0.121303 0.201943 0.0646164
-0.132074 0.19611 0.035512
-0.136297 0.218647 0.0240534
-0.115412 0.222089 0.0815246
-0.118597 0.210397 0.0732757
-0.127893 0.243256 0.0480102
-0.128487 0.194238 0.0467974
-0.129674 0.285752 0.0436694
-0.120183 0.207023 0.0703882
-0.114561 0.229646 0.0858369
-0.12128 0.30161 0.067387
-0.113955 0.288216 0.0878418
-0.121711 0.204879 0.0682403
-0.1274 0.25337 0.0529265
-0.112902 0.27255 0.0938117
-0.130329 0.290875 0.0469419
-0.136179 0.201305 0.0310806
-0.11304 0.259782 0.0950497
-0.119166 0.30035 0.0790454
-0.128337 0.260054 0.0545058
-0.119814 0.215303 0.07799
-0.139411 0.213091 0.0251724
-0.134466 0.229561 0.0389423
-0.12758 0.30101 0.0583067
-0.131045 0.27829 0.0494706
-0.11686 0.293117 0.0885115
-0.133976 0.196714 0.0425241
-0.125647 0.303388 0.0659851
-0.129827 0.250409 0.0547905
-0.116276 0.286454 0.0926644
-0.115616 0.247945 0.0947802
-0.131342 0.29567 0.0517705
-0.115836 0.256008 0.0970945
-0.133041 0.285259 0.0498248
-0.121062 0.222421 0.0840503
-0.115944 0.266849 0.0981384
-0.138815 0.201177 0.0363925
-0.141121 0.20733 0.0306352
-0.140557 0.223098 0.0324206
-0.131805 0.270584 0.0575576
-0.134412 0.291088 0.0519077
-0.132702 0.300691 0.0573925
-0.134538 0.241984 0.0536235
-0.122547 0.301771 0.0876737
-0.121563 0.299129 0.0905607
-0.132469 0.264938 0.0614262
-0.144004 0.219456 0.0303896
-0.118532 0.263496 0.100571
-0.136718 0.237572 0.0507768
-0.144542 0.212993 0.0298721
-0.134992 0.282974 0.0563997
-0.133181 0.305094 0.0633199
-0.145442 0.215852 0.0298564
-0.132181 0.306537 0.0668575
-0.121879 0.240572 0.095596
-0.120416 0.283846 0.0996678
-0.135092 0.249345 0.0599227
-0.139561 0.233905 0.0486696
-0.132428 0.204679 0.0682953
-0.122155 0.293271 0.0974393
-0.137054 0.292428 0.0569655
-0.125009 0.23065 0.091465
-0.134823 0.260786 0.0652887
-0.128994 0.308592 0.0813953
-0.121171 0.274967 0.102916
-0.135631 0.276464 0.0634249
-0.137122 0.300248 0.0597223
-0.121785 0.256995 0.102083
-0.12501 0.301103 0.0953006
-0.136534 0.255544 0.0654647
-0.13712 0.202964 0.0646444
-0.148367 0.220392 0.034413
-0.142247 0.200701 0.0517012
-0.13657 0.273239 0.0675091
-0.145087 0.228144 0.0441215
-0.127942 0.306592 0.0916861
-0.136664 0.265606 0.068737
-0.129283 0.22531 0.0893168
-0.137652 0.307209 0.0663236
-0.133647 0.211555 0.0773668
-0.149116 0.213346 0.0350376
-0.140523 0.201186 0.0588174
-0.13891 0.287603 0.0632877
-0.13028 0.309587 0.087275
-0.137076 0.269108 0.069314
-0.146 0.203471 0.045859
-0.139769 0.249005 0.0646874
-0.133472 0.311668 0.0820679
-0.128276 0.236913 0.0969882
-0.138982 0.282434 0.0676642
-0.136539 0.20907 0.0745076
-0.14941 0.223417 0.0394994
-0.124936 0.270176 0.107136
-0.140918 0.295534 0.0633718
-0.138419 0.260799 0.0702904
-0.149376 0.208508 0.0405532
-0.137075 0.311519 0.0744299
-0.125773 0.282659 0.106886
-0.142619 0.241865 0.060919
-0.134851 0.216248 0.0826161
-0.132958 0.222868 0.0884606
-0.12796 0.299487 0.102455
-0.136391 0.312761 0.0793305
-0.142037 0.303048 0.0655531
-0.128128 0.250809 0.10423
-0.1311 0.307137 0.100112
-0.140946 0.27883 0.0744008
-0.14179 0.259863 0.0740015
-0.154261 0.21909 0.039805
-0.144502 0.246235 0.0670751
-0.129005 0.264713 0.109916
-0.143265 0.254336 0.0722492
-0.144114 0.310038 0.0712043
-0.134983 0.3128 0.0966073
-0.144973 0.306226 0.0698571
-0.142939 0.314408 0.0762066
-0.130227 0.281579 0.112447
-0.145118 0.250843 0.0716016
-0.155126 0.223336 0.0442101
-0.13099 0.290114 0.111444
-0.144865 0.294866 0.0734797
-0.138267 0.315923 0.0919624
-0.139044 0.22277 0.0901287
-0.152127 0.20547 0.0542893
-0.132129 0.298389 0.109564
-0.1545 0.208836 0.0483884
-0.135391 0.312217 0.100955
-0.145391 0.209291 0.0744781
-0.156448 0.213635 0.0444017
-0.136284 0.235441 0.0999471
-0.155258 0.226557 0.048895
-0.146711 0.302933 0.0730997
-0.151099 0.205036 0.0614907
-0.144123 0.275401 0.0808553
-0.13798 0.231586 0.0978255
-0.143929 0.214418 0.0819266
-0.144416 0.271852 0.0812073
-0.134465 0.252285 0.108915
-0.145793 0.259195 0.0781583
-0.135938 0.244609 0.105539
-0.133867 0.258752 0.11157
-0.144535 0.318492 0.0845613
-0.147398 0.314536 0.0771154
-0.148236 0.31057 0.0755632
-0.151435 0.207649 0.0698237
-0.159562 0.222417 0.0474941
-0.143226 0.319492 0.0930873
-0.134913 0.272108 0.116873
-0.154632 0.235441 0.0628384
-0.145683 0.319892 0.0877819
-0.135899 0.265721 0.115713
-0.148201 0.318348 0.0819939
-0.144951 0.222459 0.0912903
-0.15306 0.241418 0.069485
-0.152117 0.245648 0.0734425
-0.159968 0.226518 0.0527135
-0.157912 0.230922 0.0584798
-0.136044 0.285067 0.119049
-0.14864 0.293173 0.0846796
-0.139134 0.311795 0.111164
-0.148244 0.271554 0.0866347
-0.159561 0.2099 0.0558562
-0.162189 0.218039 0.0489638
-0.13662 0.281085 0.119714
-0.150279 0.30261 0.0823179
-0.143467 0.319867 0.101348
-0.150906 0.315693 0.0818848
-0.147889 0.321909 0.0908833
-0.139991 0.253395 0.112792
-0.150118 0.319871 0.0857831
-0.162339 0.214316 0.0523913
-0.138375 0.273524 0.120215
-0.138681 0.298095 0.119416
-0.163788 0.21892 0.0511965
-0.152357 0.31157 0.0829434
-0.144025 0.2387 0.105864
-0.14996 0.220247 0.0898068
-0.139706 0.303746 0.118269
-0.159934 0.208827 0.0635861
-0.140878 0.310174 0.115942
-0.142992 0.317527 0.111265
-0.146554 0.232513 0.10203
-0.150688 0.287288 0.0912246
-0.153401 0.216137 0.0848335
-0.164919 0.222268 0.05344
-0.148643 0.32356 0.0986177
-0.140261 0.295232 0.122672
-0.165196 0.225255 0.056174
-0.149074 0.230203 0.100707
-0.146206 0.321522 0.109244
-0.142553 0.266223 0.120898
-0.160882 0.210299 0.0715489
-0.156701 0.252255 0.0839704
-0.163423 0.210397 0.0661461
-0.165383 0.228544 0.0609719
-0.167075 0.217924 0.0563893
-0.159097 0.244643 0.0784912
-0.153254 0.324581 0.0950966
-0.155425 0.317454 0.0892122
-0.155905 0.312319 0.0910352
-0.166009 0.212644 0.0634566
-0.167417 0.215426 0.0596806
-0.145942 0.316684 0.119814
-0.154507 0.28348 0.0977415
-0.156958 0.220455 0.0911526
-0.15372 0.228408 0.100139
-0.161121 0.213754 0.0803705
-0.169075 0.221949 0.0586875
-0.148754 0.249124 0.115295
-0.155149 0.280043 0.0981724
-0.151334 0.32604 0.108903
-0.147237 0.258756 0.120279
-0.158298 0.257782 0.0900733
-0.156203 0.306341 0.0958536
-0.157212 0.321951 0.0943958
-0.151097 0.241601 0.11142
-0.156043 0.275469 0.0980422
-0.144909 0.297108 0.128816
-0.146121 0.308613 0.126578
-0.153417 0.235577 0.10757
-0.170289 0.217341 0.0626497
-0.145907 0.292313 0.130412
-0.155731 0.328214 0.103789
-0.14811 0.315144 0.125847
-0.162284 0.218486 0.0887571
-0.157595 0.300665 0.102125
-0.15962 0.224608 0.097049
-0.168325 0.234828 0.0733932
-0.159582 0.318952 0.0979802
-0.147559 0.283834 0.131435
-0.160296 0.26379 0.0964933
-0.147959 0.305486 0.131321
-0.158914 0.326747 0.10138
-0.159748 0.323415 0.0993001
-0.163606 0.251034 0.0892635
-0.172659 0.225761 0.0652589
-0.157535 0.329329 0.107063
-0.169712 0.214018 0.0748927
-0.167219 0.241729 0.0818894
-0.15398 0.251919 0.12022
-0.154021 0.328053 0.120346
-0.152655 0.259165 0.124164
-0.16053 0.273831 0.102751
-0.159478 0.294389 0.106626
-0.150538 0.274873 0.131425
-0.172683 0.215788 0.0718848
-0.1497 0.298372 0.135278
-0.151853 0.268959 0.12951
-0.150725 0.312532 0.133093
-0.153098 0.324007 0.127732
-0.162259 0.26998 0.102587
-0.174465 0.218396 0.0695
-0.165411 0.222294 0.0948081
-0.17542 0.221672 0.0677678
-0.170471 0.215843 0.0815766
-0.158054 0.331312 0.11589
-0.160979 0.288199 0.108128
-0.158046 0.244248 0.117043
-0.169044 0.218145 0.0878637
-0.162364 0.325474 0.106413
-0.162135 0.282217 0.108174
-0.160567 0.237751 0.112731
-0.16044 0.331605 0.113421
-0.162423 0.311795 0.109459
-0.162001 0.304031 0.110722
-0.175704 0.229973 0.0732597
-0.152429 0.309974 0.137574
-0.163395 0.320807 0.108996
-0.163175 0.234815 0.110759
-0.156378 0.2631 0.129524
-0.15413 0.318616 0.135845
-0.153042 0.302967 0.140005
-0.15737 0.329921 0.129099
-0.15933 0.252353 0.124068
-0.171109 0.220507 0.0920227
-0.163319 0.33038 0.113609
-0.153805 0.292956 0.140365
-0.154828 0.279596 0.137688
-0.170743 0.249532 0.0941455
-0.156655 0.32621 0.133836
-0.164088 0.310451 0.113953
-0.160139 0.332541 0.125146
-0.176767 0.233862 0.079486
-0.167929 0.228493 0.104346
-0.179138 0.226472 0.0741556
-0.162812 0.332805 0.119209
-0.154553 0.30563 0.142293
-0.175185 0.21872 0.0866059
-0.169639 0.258658 0.101964
-0.169179 0.263722 0.105606
-0.156837 0.32142 0.139554
-0.159768 0.331269 0.131686
-0.179318 0.220621 0.0780251
-0.157963 0.272533 0.137079
-0.165527 0.297168 0.116468
-0.16384 0.24686 0.122667
-0.168403 0.232883 0.110407
-0.178739 0.219532 0.0840718
-0.166308 0.314855 0.118857
-0.177992 0.238908 0.0872824
-0.157751 0.284591 0.142905
-0.166382 0.326917 0.119193
-0.168158 0.279796 0.114643
-0.166492 0.306886 0.119351
-0.162025 0.260756 0.132413
-0.167123 0.240478 0.118602
-0.159887 0.327857 0.13897
-0.167681 0.29022 0.117857
-0.181951 0.224425 0.079308
-0.1706 0.270193 0.111757
-0.181877 0.230284 0.0814718
-0.158002 0.299572 0.147119
-0.16507 0.333529 0.128699
-0.158807 0.315723 0.146999
-0.177222 0.223604 0.0974945
-0.160587 0.278805 0.143331
-0.174884 0.227382 0.104063
-0.167026 0.331354 0.125811
-0.179652 0.221472 0.0911324
-0.165942 0.253749 0.129904
-0.168313 0.318943 0.124233
-0.164005 0.332507 0.137461
-0.171686 0.276983 0.117199
-0.169449 0.302069 0.123596
-0.179486 0.245733 0.0974642
-0.16948 0.312761 0.126349
-0.181432 0.222672 0.0939845
-0.161749 0.322734 0.148288
-0.16906 0.326189 0.128462
-0.171892 0.284234 0.121181
-0.169364 0.249456 0.128706
-0.184224 0.22397 0.0890362
-0.176292 0.231786 0.111406
-0.182846 0.240146 0.0934655
-0.164255 0.275818 0.145305
-0.16218 0.29173 0.151074
-0.184487 0.235419 0.0898637
-0.164603 0.329635 0.145375
-0.167097 0.33272 0.138918
-0.161871 0.309694 0.153473
-0.172316 0.293921 0.125578
-0.180078 0.251319 0.104541
-0.174271 0.238955 0.120534
-0.172995 0.242861 0.124395
-0.171615 0.305303 0.128541
-0.166504 0.269682 0.143175
-0.169431 0.330367 0.136277
-0.171201 0.317646 0.131729
-0.186512 0.229518 0.0896752
-0.182347 0.225961 0.101513
-0.168548 0.263322 0.140097
-0.17101 0.324713 0.13474
-0.176405 0.274243 0.120903
-0.165175 0.28808 0.153438
-0.180275 0.258535 0.112269
-0.179301 0.263492 0.115838
-0.164409 0.302112 0.156805
-0.178715 0.236296 0.118933
-0.166605 0.282983 0.152547
-0.166264 0.325398 0.153563
-0.183151 0.228824 0.107309
-0.186635 0.226382 0.0982636
-0.173571 0.253008 0.135327
-0.173533 0.313578 0.135603
-0.17923 0.269721 0.120818
-0.188664 0.228837 0.0959633
-0.170712 0.328933 0.145324
-0.187472 0.241006 0.099683
-0.169059 0.329031 0.150681
-0.173357 0.31996 0.138951
-0.166289 0.317135 0.158724
-0.175947 0.297113 0.1324
-0.172843 0.324194 0.141611
-0.185246 0.250043 0.108165
-0.166805 0.297602 0.159252
-0.18951 0.23507 0.0973048
-0.175419 0.307494 0.136729
-0.177553 0.290309 0.131524
-0.166898 0.309502 0.160969
-0.173538 0.261126 0.14291
-0.184402 0.232003 0.113285
-0.178129 0.245911 0.131006
-0.178756 0.28354 0.129454
-0.187594 0.228824 0.10579
-0.170936 0.277345 0.153831
-0.189707 0.229918 0.102745
-0.180973 0.278243 0.12903
-0.170574 0.325721 0.157955
-0.169487 0.320981 0.161284
-0.185513 0.259475 0.118606
-0.182612 0.240465 0.126615
-0.173851 0.270414 0.151514
-0.170067 0.293764 0.162318
-0.189549 0.231118 0.108818
-0.174209 0.324398 0.151331
-0.169732 0.301822 0.16433
-0.180236 0.248468 0.135521
-0.177257 0.312212 0.143997
-0.178048 0.25648 0.14256
-0.192024 0.239295 0.104922
-0.192268 0.234611 0.104475
-0.19044 0.247366 0.110998
-0.179363 0.301886 0.141432
-0.170672 0.314408 0.165402
-0.186273 0.237091 0.122683
-0.174065 0.32484 0.15696
-0.185894 0.267487 0.126774
-0.190026 0.233866 0.116603
-0.183037 0.285986 0.137199
-0.173755 0.321943 0.163754
-0.178292 0.315918 0.151576
-0.185401 0.274903 0.132307
-0.172831 0.306554 0.16883
-0.190251 0.257029 0.121337
-0.186493 0.244231 0.133633
-0.191537 0.236121 0.119933
-0.174316 0.31748 0.167535
-0.179821 0.264675 0.152635
-0.194606 0.237781 0.112881
-0.175301 0.287454 0.166078
-0.193578 0.235815 0.116099
-0.178459 0.318348 0.158243
-0.17465 0.297546 0.16951
-0.18962 0.24067 0.12897
-0.190266 0.262951 0.127631
-0.184964 0.289092 0.142803
-0.182821 0.302354 0.150032
-0.178033 0.319007 0.164593
-0.187784 0.24666 0.137829
-0.184457 0.295164 0.147036
-0.195494 0.244312 0.116791
-0.178019 0.280519 0.165011
-0.185902 0.251855 0.143367
-0.187837 0.278426 0.138733
-0.181576 0.310383 0.156751
-0.17636 0.310506 0.171529
-0.177775 0.317897 0.167693
-0.195012 0.250098 0.120389
-0.190305 0.27081 0.135724
-0.181687 0.311608 0.160848
-0.185469 0.257944 0.150511
-0.183918 0.303252 0.155115
-0.181644 0.273052 0.162888
-0.19649 0.24155 0.122176
-0.177818 0.301869 0.1737
-0.194285 0.242044 0.129523
-0.189532 0.280426 0.143961
-0.197276 0.248209 0.123658
-0.180779 0.282842 0.169417
-0.179507 0.292326 0.172924
-0.181789 0.311774 0.166773
-0.192962 0.245609 0.136484
-0.195658 0.257174 0.129458
-0.189085 0.253804 0.147544
-0.188305 0.28888 0.150725
-0.184674 0.304026 0.161515
-0.180215 0.304762 0.174911
-0.181459 0.308439 0.172608
-0.192436 0.273499 0.143147
-0.192166 0.250949 0.144335
-0.195225 0.262824 0.136036
-0.186111 0.267691 0.161354
-0.181931 0.296925 0.175808
-0.197021 0.24749 0.135571
-0.198377 0.252808 0.132266
-0.184567 0.30386 0.170523
-0.1916 0.256918 0.151569
-0.198519 0.248311 0.132598
-0.185762 0.275537 0.168122
-0.196606 0.261667 0.138985
-0.184033 0.286063 0.1737
-0.183681 0.300912 0.175153
-0.1937 0.274933 0.1491
-0.191909 0.282468 0.154269
-0.196438 0.251723 0.142484
-0.190275 0.289097 0.159496
-0.191043 0.26407 0.159237
-0.198406 0.255055 0.139744
-0.185692 0.292309 0.17544
-0.188788 0.294777 0.167273
-0.195561 0.255897 0.148838
-0.19004 0.269946 0.164977
-0.187029 0.296568 0.173303
-0.187665 0.283017 0.172753
-0.196727 0.266806 0.148998
-0.188636 0.292756 0.172096
-0.189147 0.280072 0.171348
-0.193487 0.280677 0.159556
-0.188503 0.288267 0.173632
-0.197725 0.259743 0.1484
-0.196026 0.262126 0.154
-0.192439 0.269882 0.16413
-0.192468 0.284178 0.165341
-0.19128 0.283944 0.170141
-0.196293 0.269802 0.156749
-0.192585 0.275899 0.167147
-0.194961 0.269414 0.160856
-0.194172 0.277405 0.16372
